8dd3b757-1a41-4884-b589-4bf3d0c0bcc9,69,2
8e8d8ad3-1cf3-401c-91d6-78329d413542,57,2
8EEF93ED-5641-463D-947D-A8CBC2F0C57D,29,0
8FE30237-DD52-41AB-9F7D-E98CFE3CD1D6,2,2
8FE30237-DD52-41AB-9F7D-E98CFE3CD1D6,5,2
8FE30237-DD52-41AB-9F7D-E98CFE3CD1D6,7,2
906D4E67-DA8B-40EC-A8DC-40324EC41C73,11,0
90E1B5B3-3253-48F2-9A36-C632CAF4A215,12,0
92E4DE7A-8051-4AD1-8E37-D3807614D4AB,50,3
935942E9-121E-49C5-A38D-2460D54B311E,19,3
94E7AB02-F5F5-4E47-9A08-F0AA4F59E682,31,3
95622781-11CA-4BBD-8481-41276ECC4AB9,5,0
95622781-11CA-4BBD-8481-41276ECC4AB9,7,0
95622781-11CA-4BBD-8481-41276ECC4AB9,14,0
95622781-11CA-4BBD-8481-41276ECC4AB9,27,2
95AC7B5E-65C4-4A5F-8749-4293345B109C,40,2
9883189c-93cd-4a84-9ba4-48a7c2bdd21a,45,0
98C2F3C5-DCFE-4881-BEA1-F6145AD0330C,13,3
98C2F3C5-DCFE-4881-BEA1-F6145AD0330C,33,0
98C2F3C5-DCFE-4881-BEA1-F6145AD0330C,39,0
98C2F3C5-DCFE-4881-BEA1-F6145AD0330C,42,0
993FB4C7-4327-409B-ABAA-D3870885FC76,1,3
9BB9EA17-3252-4124-8947-9533DD65E8A5,7,2
9C9717EA-87C1-4BBF-A392-1F3B7B3C24AC,25,2
9C9717EA-87C1-4BBF-A392-1F3B7B3C24AC,30,2
9C9B2B0D-8582-480F-B9B6-9A1DD35D280D,38,3
9CE41B60-9B85-480F-90DF-68586619E2A4,14,0
9CEED4B3-1EC4-4C80-99B6-580FEB4BB58C,26,2
A0755C13-ED52-4416-9748-A52C0406017A,45,2
A1DD59D0-BF22-4B2F-BC1B-9863B55E96A9,18,2
A224A2B5-55F9-41DC-9731-7C1EB4C90042,26,3
A2DB6726-EA5E-4214-855E-8C74C5B8610E,33,2
a32e20bd-33f3-4ae0-ba36-6fc0162f916d,28,2
a32e20bd-33f3-4ae0-ba36-6fc0162f916d,29,0
a3770757-05a3-4054-afa2-a2d74aac05ae,23,1
a3770757-05a3-4054-afa2-a2d74aac05ae,110,2
A3BD76C4-FB6F-468F-8CDA-4C8878242F7F,37,2
A3BD76C4-FB6F-468F-8CDA-4C8878242F7F,56,0
A3D9F2B3-AE64-431C-8891-1608B81A65CF,4,0
A3D9F2B3-AE64-431C-8891-1608B81A65CF,38,0
A3D9F2B3-AE64-431C-8891-1608B81A65CF,48,0
A4170AC2-F92E-4E5D-9A68-06B410E0C3A5,24,0
a48c29df-fd74-4975-876d-83579c49f280,164,0
a5207e5c-e411-4cfc-b321-527010592608,27,0
A54A67DD-3CE0-499E-8D92-CF68B991D54E,2,2
A5E7040C-DF6C-46D7-A4D6-06E796D9E57D,4,3
A5E7040C-DF6C-46D7-A4D6-06E796D9E57D,25,3
a6c111e0-cde2-4041-bef4-c3b92314fb73,54,2
A8FCAE0D-CDE9-4D14-8D54-F48E72D75AC7,31,0
A8FCAE0D-CDE9-4D14-8D54-F48E72D75AC7,33,0
A8FCAE0D-CDE9-4D14-8D54-F48E72D75AC7,36,3
A9E85713-B759-4441-B04D-6855964B8D80,7,3
AAD5CEB1-E569-4EE2-85C9-158D00898D82,23,3
AAFBEB28-CC7D-4B8A-805F-9E6A7C4D5A95,14,3
AD6F5595-8D1A-46D5-ADA1-4EBF076A5F79,24,3
AE16FB4F-6C16-4428-85EA-2FED199C8121,9,2
AE373972-8D95-4252-A529-266500A8FA16,6,0
AE373972-8D95-4252-A529-266500A8FA16,13,0
AE373972-8D95-4252-A529-266500A8FA16,39,0
AE373972-8D95-4252-A529-266500A8FA16,47,3
AE373972-8D95-4252-A529-266500A8FA16,59,3
AE373972-8D95-4252-A529-266500A8FA16,64,0
AE373972-8D95-4252-A529-266500A8FA16,68,0
AE620B61-15AD-400B-AED5-BEE0458E8F5E,30,0
AE620B61-15AD-400B-AED5-BEE0458E8F5E,31,0
AFC329EB-8EA3-4822-AD49-F2929E6EF494,82,0
B0B8D50B-13EC-44C2-82E3-B139B2173417,11,2
B0B8D50B-13EC-44C2-82E3-B139B2173417,17,2
B0B8D50B-13EC-44C2-82E3-B139B2173417,24,2
B14B92B8-2FE8-4566-9D14-5B41463A4F49,3,0
B14B92B8-2FE8-4566-9D14-5B41463A4F49,20,3
B2E16453-49C4-43A0-B789-6AF7BE6B158F,18,0
B2E16453-49C4-43A0-B789-6AF7BE6B158F,36,1
B31C5951-E4AF-497B-ADE1-68423C3D0AFA,4,0
B31C5951-E4AF-497B-ADE1-68423C3D0AFA,9,0
B31C5951-E4AF-497B-ADE1-68423C3D0AFA,10,0
B31C5951-E4AF-497B-ADE1-68423C3D0AFA,11,0
B3BD6CE2-A53A-485B-B449-488200FC7C5F,29,0
B3C77EE4-A0E6-4EAD-A18B-8597A07F4F3E,11,2
B4034352-3034-42D1-B5C3-3B6C23293D62,67,3
B6B385EA-4375-4CB5-B10E-5F2AB3BDAC2E,13,3
B6B385EA-4375-4CB5-B10E-5F2AB3BDAC2E,18,3
B6B385EA-4375-4CB5-B10E-5F2AB3BDAC2E,25,3
B6DFA5CA-B6C0-49BF-9BBD-B538395A30F9,47,2
B700CE8E-47E4-4390-8040-70437BDFFA4D,16,5
B700CE8E-47E4-4390-8040-70437BDFFA4D,24,0
B700CE8E-47E4-4390-8040-70437BDFFA4D,36,0
B7682953-DCF9-4F62-B9E6-EF99551DE392,21,3
B83D8FE4-3A22-4F24-BD08-D812D9337B80,9,2
B83D8FE4-3A22-4F24-BD08-D812D9337B80,30,0
B83D8FE4-3A22-4F24-BD08-D812D9337B80,32,4
BA748806-822F-4F16-B698-902A18EDE674,35,2
bbfb9693-1691-4752-bc3f-2187053ce3d7,17,2
BBFDEFD2-4CD0-47A7-A122-1352426D83E2,19,3
BD3CE2E1-FF48-44A1-AB32-980C4CA1022C,68,4
BDBB118E-94AA-489C-B508-651C50688FF8,39,0
BE392F61-9CCF-4A20-85A8-4AC2C2C6805B,46,3
C0155528-208F-454F-8399-B568D4AB12A3,10,2
C01C1E7F-4F9D-4F1A-9A93-85D4CD029356,6,2
C01C1E7F-4F9D-4F1A-9A93-85D4CD029356,11,2
C02F1209-151D-4471-897D-22286507743C,81,2
C16F9BA1-E1BC-485F-A6EE-D9C438C88C41,25,3
C2256FA0-E359-41CD-ACED-C10F228242BD,6,0
c2bb6d41-0cd1-495f-856f-05056a7d91e3,105,2
C75F3E54-FA9B-44B0-9BD3-B60E9864E6E4,41,2
C8946480-CF03-4E3E-9875-E2AFD6D90A84,37,3
C9BC370F-3F1C-42CB-8626-10ED103A5A91,8,0
C9BC370F-3F1C-42CB-8626-10ED103A5A91,23,0
C9BC370F-3F1C-42CB-8626-10ED103A5A91,26,0
CC8ACD7E-6E4E-4FFF-9F09-3556918ACBA5,2,0
CC8ACD7E-6E4E-4FFF-9F09-3556918ACBA5,19,0
CC8ACD7E-6E4E-4FFF-9F09-3556918ACBA5,37,0
cc8c3b0c-4320-4365-bc35-ed2f1c12b191,11,0
CCCF8F51-5231-4A66-B2B4-0294556ECD79,40,0
CF21422F-685B-458E-A30D-7EC9A39C7583,26,0
CFF78DFC-527D-456C-9E02-2E2E62869B59,36,3
D57397A2-BED3-4BC1-8FA9-1D2E994F67EB,24,0
D57397A2-BED3-4BC1-8FA9-1D2E994F67EB,24,0
D57397A2-BED3-4BC1-8FA9-1D2E994F67EB,44,2
D57397A2-BED3-4BC1-8FA9-1D2E994F67EB,44,2
D57A24BA-8108-4154-B597-742EE1AF2806,7,2
D7BEBDC5-05F4-445B-A3FB-C1972F6AA98E,4,3
D84E5959-5986-41DB-958C-C8844D16BB85,69,3
d934c144-54b2-4393-9cb2-31a52116b949,19,3
D9EB3EDA-5D46-4B40-87A1-B8EBE68227EA,10,2
DA16D522-9FD7-4F16-B177-4E200515B9D9,12,2
DDB0A738-6F18-4060-97E4-25001C007A3C,14,0
DDB0A738-6F18-4060-97E4-25001C007A3C,15,0
DDB0A738-6F18-4060-97E4-25001C007A3C,23,0
DE6BCF77-2295-4CCB-B9A5-92FB12811551,21,0
DE6BCF77-2295-4CCB-B9A5-92FB12811551,23,0
E155776E-B6AD-4BBA-9012-4EFB7A59D329,5,2
E155776E-B6AD-4BBA-9012-4EFB7A59D329,19,2
E155776E-B6AD-4BBA-9012-4EFB7A59D329,27,0
E155776E-B6AD-4BBA-9012-4EFB7A59D329,29,2
E1CEAF23-B310-402A-8435-198AE82258B1,38,3
E34B0FDB-9FF8-46ED-A18D-81503AD9D537,4,0
E5713399-B984-4645-8ABE-BD5A8943CF45,5,5
E5713399-B984-4645-8ABE-BD5A8943CF45,35,0
E5713399-B984-4645-8ABE-BD5A8943CF45,46,0
E57CBC05-41A9-4E99-9848-706B89867969,8,0
E58FCF12-2DA2-4349-A98D-F0A3561AA168,5,0
e740a19f-0453-4c78-ba56-76d08edafe8c,62,3
E767B19E-E028-4DBA-93D0-7078291DB6EB,36,3
E7A826A1-F4A4-4829-B102-E4BBB3C624A5,62,3
e7f891c9-8477-4c06-b406-24c4ff905c4e,30,3
E8DB397C-1500-40A5-9E8D-1D6F429A39C4,2,6
EB5E6872-D4E5-4B1B-91A0-944000C565E8,12,0
EB5E6872-D4E5-4B1B-91A0-944000C565E8,13,0
EB5E6872-D4E5-4B1B-91A0-944000C565E8,45,0
EC59A261-7AAB-45FC-9A38-41732097EE74,9,3
EC59A261-7AAB-45FC-9A38-41732097EE74,12,3
EC59A261-7AAB-45FC-9A38-41732097EE74,16,3
EC59A261-7AAB-45FC-9A38-41732097EE74,22,3
EC59A261-7AAB-45FC-9A38-41732097EE74,33,3
EEA9960B-A9A1-4DC1-AF6E-21BB3D893671,54,0
EEB68FA8-8FD9-49CC-8A56-1A0A49C3BBC7,20,3
EF01E601-96C3-4D74-9BF7-A118C2A29917,22,0
EFFBEA9A-DC83-43B0-9493-48C905E171B4,24,2
F0593B2F-8A3D-4A48-8EEE-833D8ACD2043,17,0
F0593B2F-8A3D-4A48-8EEE-833D8ACD2043,43,0
F133FC5B-D6B9-4781-B55C-3B92D4483FCE,2,3
F1C8F144-AC1A-4366-BD76-0850E902F272,2,6
F1C8F144-AC1A-4366-BD76-0850E902F272,15,6
F275513E-A944-490D-82D3-E83A8A4FF30C,14,0
F2D646C8-7139-4389-89EB-F1FED9E0791C,4,3
F3086324-5DDA-4EA1-AE9A-4DAE422CD274,35,3
F3086324-5DDA-4EA1-AE9A-4DAE422CD274,37,3
F537DFBD-4247-44C5-89AB-C54C3B42B9C4,20,0
F592BFCC-E12D-40B0-8EE2-DA5D1A173EB8,3,0
F87DB56B-CF4D-4A3E-8346-BCE4E99D523D,39,2
F87DB56B-CF4D-4A3E-8346-BCE4E99D523D,45,2
F87DB56B-CF4D-4A3E-8346-BCE4E99D523D,48,2
F87DB56B-CF4D-4A3E-8346-BCE4E99D523D,54,2
FA59E237-B96A-469B-8A07-1D5249442B65,13,0
FA59E237-B96A-469B-8A07-1D5249442B65,18,0
FA59E237-B96A-469B-8A07-1D5249442B65,42,0
FAB67F37-0611-4F8D-A1FB-FE2CE3926591,40,2
FC6E1F12-DDC0-47D8-B30E-67898D2D1B0A,34,2
019b58cd-5f64-4c09-bd18-272e0d6a7161,3,6
002A399C-B06A-4B43-A37A-6AF4B97EDE05,16,0
006009DD-70A5-41F5-A84B-A08FF3A310F6,27,0
006009DD-70A5-41F5-A84B-A08FF3A310F6,28,0
006009DD-70A5-41F5-A84B-A08FF3A310F6,29,0
006009DD-70A5-41F5-A84B-A08FF3A310F6,71,1
019b58cd-5f64-4c09-bd18-272e0d6a7161,76,3
023C14BC-799F-47E0-91AC-F6F6FA1CD0CD,2,2
0250f641-a0dc-459f-9e3d-df41625c4d64,2,2
02A7CF42-7FBA-4FFF-8CA4-033D7CA156AB,56,3
02A7CF42-7FBA-4FFF-8CA4-033D7CA156AB,61,3
0332E9BD-B3EE-47DD-8E4B-9726B4B506E8,5,2
0332E9BD-B3EE-47DD-8E4B-9726B4B506E8,23,4
038547E6-9894-4C1C-AB55-1C1C0CB4F919,6,0
0498ABCA-8164-4BD7-AF33-A3CE07D5B7D7,2,0
0573A692-F0A1-4E58-8D16-31E2EFD3A64A,35,2
068037E5-8967-4253-9235-13E2C89BBE1B,12,0
069BA11F-5FE1-4E6D-8FA0-BC49F9D62D9B,12,2
069BA11F-5FE1-4E6D-8FA0-BC49F9D62D9B,17,2
072F9C20-EFA3-41E5-BEA8-73DE2E5F8D6E,161,2
0815E1CA-59BB-41ED-8964-F1795B3E4C48,33,3
087D3480-AADD-4134-B4B8-C91CF90D6AB1,2,3
087D3480-AADD-4134-B4B8-C91CF90D6AB1,8,3
087D3480-AADD-4134-B4B8-C91CF90D6AB1,29,3
087D3480-AADD-4134-B4B8-C91CF90D6AB1,35,3
087D3480-AADD-4134-B4B8-C91CF90D6AB1,78,3
08ADB718-E303-4F99-9671-2CEAD07D6F19,3,3
08ADB718-E303-4F99-9671-2CEAD07D6F19,26,3
08ADB718-E303-4F99-9671-2CEAD07D6F19,35,0
08ADB718-E303-4F99-9671-2CEAD07D6F19,41,0
0AB9A86A-8FDE-4BC0-B077-21FFB7E67439,28,0
0C460C2C-6620-4AD4-AAE6-7EE149F823C7,41,3
0D0D3716-ACB8-44F0-9410-CFC6A0C5AAD6,61,3
0D9028EC-C5E7-4FBC-872D-403D88A3EDBD,26,3
10969DB4-263D-45B2-93E4-2E7BDB1A85C0,4,3
128FAC15-5541-4AB5-B981-686E4357987F,31,3
129A9F13-C5F3-40C8-B7FB-B7A7DEA7F518,20,2
1429D761-9B71-4CA6-90D4-CA968249ED82,22,3
1429D761-9B71-4CA6-90D4-CA968249ED82,38,3
1429D761-9B71-4CA6-90D4-CA968249ED82,63,3
14DAE3B5-F5E3-42AF-BD14-8BFCC3068E77,5,0
14DAE3B5-F5E3-42AF-BD14-8BFCC3068E77,14,1
14DAE3B5-F5E3-42AF-BD14-8BFCC3068E77,37,1
14FD00FC-FBF9-4F79-B58B-03DB5E294386,5,2
15c1b2f5-efa1-4726-a1fb-07d88c0b324e,21,0
180FD01C-C3F9-4682-8FF4-187CE32862F2,59,0
180FD01C-C3F9-4682-8FF4-187CE32862F2,67,0
18580130-5B7E-4B70-A8F1-D650378328BE,11,3
19C20CE8-B9B0-4438-ADC1-3E8AD94FDC7B,12,2
1A8D4479-A2AA-4673-A133-77A0A0D4D239,26,3
1A8D4479-A2AA-4673-A133-77A0A0D4D239,29,3
1AF74212-08F7-4C7D-BC3D-932F2D4511BB,45,3
1AF74212-08F7-4C7D-BC3D-932F2D4511BB,51,3
1B3E8A33-DDE5-4F27-B4A4-55D0DEB4EA57,8,0
1B4A0DB5-10E2-4BAC-9AFB-141974E92C69,27,2
1C7F7EED-7628-4105-AD73-6740EE48080A,26,1
1C7F7EED-7628-4105-AD73-6740EE48080A,28,1
1CC87E33-C122-4727-94FD-879507315A92,62,1
1CC87E33-C122-4727-94FD-879507315A92,79,1
1CDA93E9-73FF-40D3-A5C1-A637E33E57B2,27,2
1DEF0091-6D91-4BD4-9368-BEB803EDB815,10,0
1E01508B-3275-44CB-B04F-6D81BFA15A20,7,0
1E7E498E-1FA2-4738-B0AD-A89F509C0573,4,2
1F3F00D2-E6A9-4E33-B85C-3E6D87E5171A,18,2
20358C28-A1D6-4A57-A2F9-C97A053BF26C,4,3
2105108d-4c3f-457b-b479-ec2cd69e6d46,422,3
2192EE85-F8EB-4D70-94F9-F3F90B6AD613,13,2
225EF84D-2055-47CA-9C88-746373F5CCD7,8,0
22F242EB-B910-4A85-9E0C-3F49F7E815F6,29,2
245CB562-9BB1-4A7A-9C91-B0A506526131,18,0
245CB562-9BB1-4A7A-9C91-B0A506526131,39,0
24C269A6-B243-400A-A565-7299A9209BA3,45,0
2572AA02-D3FB-4EA1-BB5F-48294AF11143,32,3
25C49A47-E042-4251-8CAE-D5D2D378D935,10,2
25D34695-7E9D-41CE-A01D-13B85091DD7F,19,0
26409FC0-6006-4644-B814-46B469856F53,51,1
26BDD0FE-84E9-420E-A55E-37308FCEEF54,13,0
26BDD0FE-84E9-420E-A55E-37308FCEEF54,16,0
2716a43e-4d96-4c41-b235-3d76d01d04da,127,0
2758FF97-0F94-44A0-8F21-B162634794E3,23,2
27835F77-A6F7-40C6-8F40-DFCFE84D9255,31,2
28B27E53-347E-4B55-8D46-AA2A22652C56,6,3
2921BC5A-74D2-466C-8A14-478D3FF24703,22,0
2A64655F-0BE3-42C4-974E-F3352D9C73CD,14,0
2A64655F-0BE3-42C4-974E-F3352D9C73CD,19,0
2A64655F-0BE3-42C4-974E-F3352D9C73CD,20,0
2A64655F-0BE3-42C4-974E-F3352D9C73CD,21,0
2A64655F-0BE3-42C4-974E-F3352D9C73CD,34,0
2A64655F-0BE3-42C4-974E-F3352D9C73CD,49,0
2C14AD07-2D53-4F72-98F2-FEE382378248,42,2
2D3FA438-B663-4F36-94C4-BC6395679267,3,3
2D3FA438-B663-4F36-94C4-BC6395679267,5,3
2D3FA438-B663-4F36-94C4-BC6395679267,7,3
2D78F7DC-078C-455F-A488-1C5D43E35FA3,3,2
302A1337-16E3-45D2-9688-69A0100D63D1,13,2
302A1337-16E3-45D2-9688-69A0100D63D1,24,3
3080D823-D4EA-4935-822F-628234ACD402,34,0
311CB8DA-D2F9-4558-8CD1-B7A4686A8982,18,6
32F8530C-44CB-4DF7-B1C1-47C17A17B584,25,0
32F8530C-44CB-4DF7-B1C1-47C17A17B584,70,0
330FF3FE-A67B-4405-B97D-D037715B1EA2,13,2
33132A4B-6ED5-4658-B950-C8590142585D,15,0
332f9e82-eb31-4988-9a54-e9278422dcab,21,2
33cbd8ac-953d-4436-bc23-4baeed1d344a,113,2
342F69E1-A711-4B23-963F-3A53DC01A3B8,34,3
34B58330-369F-4C09-9DAB-B9C12D051B7B,46,3
34F54E1E-5B67-42FC-8CBF-0BA65D44A0C5,8,1
35650907-4f0b-45a8-b904-695db2b40b07,4,1
35650907-4f0b-45a8-b904-695db2b40b07,50,1
35650907-4f0b-45a8-b904-695db2b40b07,54,1
35650907-4f0b-45a8-b904-695db2b40b07,87,0
367A3F77-E985-40A8-BEF7-6C8F09358C35,27,0
367A3F77-E985-40A8-BEF7-6C8F09358C35,34,1
37208C63-BF11-4222-8733-5E2056657E6E,45,3
3744B6A5-EE3E-4DD5-8CAB-49A8BE059E6D,1,0
3744B6A5-EE3E-4DD5-8CAB-49A8BE059E6D,7,2
39D5F879-4D12-4B3E-933A-445A82756038,29,2
3AA1159C-9B26-4EF8-8937-85B62A2B3C9D,19,0
3AA1159C-9B26-4EF8-8937-85B62A2B3C9D,34,0
3B89E188-6AB5-4378-8CFA-7354EA1B5854,137,2
3FCECB8E-7416-4D26-8AF1-9E17B225B854,37,2
40959B1D-148B-42AA-90C1-0E66133A7415,32,0
40C2219A-0081-4075-8641-A464368E5C4F,3,3
40C2219A-0081-4075-8641-A464368E5C4F,35,3
40C2219A-0081-4075-8641-A464368E5C4F,49,3
41D2CE8F-C889-48D5-BFA8-8FD93DB34667,31,2
424528D0-4F4D-4925-B339-DE8DFB122FAD,22,3
43011df9-06fb-4923-b116-7c61a73559c3,50,2
43011df9-06fb-4923-b116-7c61a73559c3,104,2
44BF48BD-7950-462D-9D45-70866DBE5C09,24,2
458DBEDA-6225-4427-83AE-A694FA46EF38,13,3
45E35FC0-FFD9-41C0-BBB1-681656A80D0D,10,2
466911ab-76d0-4db5-a4bb-db0d33493639,93,2
472DAAF6-5A65-448B-9FE5-D15A15A6140E,14,3
472DAAF6-5A65-448B-9FE5-D15A15A6140E,58,3
47AEFBDD-6B61-44B1-BC9D-44004AC7CAE9,4,2
4845CB0A-7349-49E1-921B-7864055FF43F,25,2
484D7F09-E275-4356-A3D5-C5680CA934ED,6,0
484D7F09-E275-4356-A3D5-C5680CA934ED,10,0
484D7F09-E275-4356-A3D5-C5680CA934ED,12,0
484D7F09-E275-4356-A3D5-C5680CA934ED,13,0
484D7F09-E275-4356-A3D5-C5680CA934ED,38,0
4A007136-C9C7-4279-85B8-F063A09D0BF3,59,2
4C14CF19-066D-40C7-B37D-CB226404B43D,27,3
4C80E4B3-F75F-45D3-B65E-F4E6D9E8BC8B,16,3
4cabe2d2-cf81-4365-bf21-600bbad7af68,1,
5098F04A-B928-45E2-9C46-1362E723E2BD,42,3
51759e83-d515-4c02-9a1e-97c75ca07aa8,19,0
521811A5-CB23-4368-B586-A123552BA489,35,2
527E5692-CA15-4A18-9577-B6D709110CF5,42,0
5451C197-17E4-4712-8012-1140B06CF7D4,43,2
553BF5A2-CF93-44A4-A212-05C33313DA48,27,3
56B3F63E-C87F-47D6-8175-EA1874F82E7D,61,2
5701A10E-4383-4D30-94D6-5962E826ED92,12,3
5B103003-5E25-45DB-B29F-AACCEC7ED30B,3,2
5B90A721-292B-4753-B198-6F308CED3382,58,2
5BC27D41-DB9B-47E3-9FDA-5D07BD1EE761,11,3
5BC27D41-DB9B-47E3-9FDA-5D07BD1EE761,48,3
5BC27D41-DB9B-47E3-9FDA-5D07BD1EE761,55,3
5BC27D41-DB9B-47E3-9FDA-5D07BD1EE761,67,3
5BFBAD7A-8578-44B6-8E76-FC3D184F83B6,18,3
5BFBAD7A-8578-44B6-8E76-FC3D184F83B6,72,3
5BFBAD7A-8578-44B6-8E76-FC3D184F83B6,97,3
5c70da40-9cbf-4ca5-9334-47375f33bd72,40,1
5D01EDB1-203E-44A7-A58D-419602FF4946,23,2
6017556F-B240-4628-942A-1A563C47EFCF,38,0
6017556F-B240-4628-942A-1A563C47EFCF,43,0
60754D4F-6AFC-431D-AC68-C5DFF9C633BD,48,2
61bda01b-651d-456f-ad08-25533f1328b6,112,3
62AB192B-42CF-4CAB-9E0F-0AEA3A8446E6,5,3
6507F067-FB65-4B1D-AD63-1B555BAA74EB,8,0
6507F067-FB65-4B1D-AD63-1B555BAA74EB,15,3
6507F067-FB65-4B1D-AD63-1B555BAA74EB,20,0
6507F067-FB65-4B1D-AD63-1B555BAA74EB,21,0
664A755F-E560-45C8-B73D-5ABB68EA843C,11,0
DDB45526-E9BA-43EA-814C-06FD112666E3,26,3
664A755F-E560-45C8-B73D-5ABB68EA843C,36,3
664A755F-E560-45C8-B73D-5ABB68EA843C,45,0
667F6FEF-A685-4EC2-89F2-B77C7FD23F71,43,2
667F6FEF-A685-4EC2-89F2-B77C7FD23F71,86,2
6706774D-3965-4D68-B7F3-9CF2FED7144B,49,0
67C4ABFF-DF28-4198-B59B-56235FB0E47E,31,3
68E04B20-1439-43AB-A812-09AC192357D7,4,0
696910E3-9656-4504-946E-6254D33144EE,2,0
69a74cd3-2748-43f1-833f-d661260dd2b3,41,0
69B18CE0-F1E6-4D98-957D-D625245ECA68,14,2
6BC68D78-4B0E-46A2-8ABA-C21C51C6050E,53,3
6CECABEC-986F-4140-AD38-5AC03CB94BD2,39,0
6EE5F244-D697-4FAC-85C0-654D2C91F850,3,0
7002C835-D0EC-487F-89F2-4DDAB059BCA7,2,3
704DD4FB-F048-41E0-B017-91168BC98428,4,3
704DD4FB-F048-41E0-B017-91168BC98428,6,3
704DD4FB-F048-41E0-B017-91168BC98428,22,3
704DD4FB-F048-41E0-B017-91168BC98428,24,3
70D4A881-82AF-489E-A06B-D78040A64E39,28,0
70EBF126-7EF6-403B-A59E-A8A8BEDA1348,14,3
7135974f-4082-4a9b-b8a8-a3c8dcd7e34f,12,3
72DEC57D-0BB6-4C5D-A280-2E42CD048C35,35,3
72EAA975-5657-4DE7-B90B-2FE265D0724D,8,3
73B75060-F966-4CA2-B695-62C877A879CD,3,0
742D1CDC-07FC-4DAE-8324-29C789689166,7,0
751602D3-E2F2-4B28-B34C-5462E852F115,17,2
755D2D00-D895-4A0D-834F-ECC03448958D,22,2
75C76643-8F6A-4EAB-A7E3-89C64C5B99C1,24,3
75f31177-39d4-4740-a7d4-789887d6f065,5,3
75f31177-39d4-4740-a7d4-789887d6f065,34,0
75f31177-39d4-4740-a7d4-789887d6f065,35,0
764F25D0-5C2E-4743-98C4-C1F0B5404FCD,16,1
779811CF-BAB2-4BEA-9B3A-439F7BC1E6E7,12,0
77CDE478-FCA4-43E3-AA1C-59DEF13702DA,45,2
7910BB5E-312A-4F28-8AC9-4D3D23DF554C,29,2
7918C8E0-FCB3-404F-81A8-868DE4CF249B,19,0
794DE7ED-9D0F-4976-852F-493259431E0F,7,0
794DE7ED-9D0F-4976-852F-493259431E0F,20,2
794DE7ED-9D0F-4976-852F-493259431E0F,28,0
7A17E055-3DD2-4FAB-97F6-265200612FA8,22,0
7ACCF1F9-953D-4524-8A2E-029A2FE7783A,38,0
7ACCF1F9-953D-4524-8A2E-029A2FE7783A,67,0
7c45f185-d359-46a5-9b23-5069c71efcb1,52,0
7C5773D1-2BFF-44A3-A952-9F4A936931CA,43,2
7cbce6ff-1fcd-4bd6-b73b-714d1736b266,49,0
7cbce6ff-1fcd-4bd6-b73b-714d1736b266,318,0
7D477E9A-1F90-4A6F-B17A-D4374D6247BB,25,0
7D477E9A-1F90-4A6F-B17A-D4374D6247BB,45,0
7FB335FF-E6F6-43BD-99B3-460C0EF91D60,50,3
809fbb4e-6342-4a4b-8bbd-c2d86f261b05,30,3
809fbb4e-6342-4a4b-8bbd-c2d86f261b05,80,3
813445FF-1B7E-433F-89B4-800CF6724BC8,25,0
817F2C77-90C8-49A6-8372-E345A86B08D2,12,1
817F2C77-90C8-49A6-8372-E345A86B08D2,50,2
81CB7419-8091-444C-88F9-94F669F1CFDC,22,0
82D2E38F-12AA-477D-A6A6-C082408A7EB2,13,2
8394257F-4491-4974-A8FE-4E39A90E187D,50,2
840054BD-92FC-456C-B5EA-5BD81368EA37,56,2
84CA77B1-8F83-4038-92A9-CD2698890AA4,25,0
84CA77B1-8F83-4038-92A9-CD2698890AA4,33,0
85C647AB-022D-4D30-8C73-B25754A046F0,6,4
85C647AB-022D-4D30-8C73-B25754A046F0,25,3
85f8a860-4ffb-44f3-aa2b-17e875a5700c,19,4
86175C28-DED2-4C29-BAA8-4DAB2FB6BD7F,9,0
86175C28-DED2-4C29-BAA8-4DAB2FB6BD7F,11,0
89FE3B55-8C95-4B74-A4D4-DCA53684359A,60,1
8A5683AA-1349-42ED-920A-C5440AC5DBE6,37,2
001DCAB0-2E98-42E2-85EB-CF297A3534EF,10,3
002A399C-B06A-4B43-A37A-6AF4B97EDE05,11,1
002A399C-B06A-4B43-A37A-6AF4B97EDE05,18,0
002A399C-B06A-4B43-A37A-6AF4B97EDE05,33,1
004C4ABA-AFE8-4630-92E1-C30D562FDF54,16,3
004C4ABA-AFE8-4630-92E1-C30D562FDF54,25,3
006009DD-70A5-41F5-A84B-A08FF3A310F6,21,0
006009DD-70A5-41F5-A84B-A08FF3A310F6,40,0
006009DD-70A5-41F5-A84B-A08FF3A310F6,73,1
006009DD-70A5-41F5-A84B-A08FF3A310F6,74,1
006009DD-70A5-41F5-A84B-A08FF3A310F6,78,3
007BE4B9-DD4B-4E60-8595-D9DDBF25CC19,2,3
007BE4B9-DD4B-4E60-8595-D9DDBF25CC19,5,3
007BE4B9-DD4B-4E60-8595-D9DDBF25CC19,7,3
007BE4B9-DD4B-4E60-8595-D9DDBF25CC19,28,3
00908F3B-BCAA-4007-9740-F392BBD28EBB,3,3
00908F3B-BCAA-4007-9740-F392BBD28EBB,8,3
00908F3B-BCAA-4007-9740-F392BBD28EBB,14,0
00945684-01bb-47bc-95f4-1a65afc5ac37,33,2
00945684-01bb-47bc-95f4-1a65afc5ac37,39,2
00C3A67D-3DE7-49DE-842A-BA9018B79F12,2,3
010D784E-3F70-4F66-B3E5-25276C44A167,2,3
010D784E-3F70-4F66-B3E5-25276C44A167,8,0
010D784E-3F70-4F66-B3E5-25276C44A167,14,3
010D784E-3F70-4F66-B3E5-25276C44A167,20,3
0111B9E6-1EBF-4A53-863D-38CF3754A173,25,1
012f23b9-c2d7-419e-bfe9-047f90dd8bc8,15,3
012f23b9-c2d7-419e-bfe9-047f90dd8bc8,26,3
01516AC5-BB38-40DF-949E-031530FE1AEC,12,2
01516AC5-BB38-40DF-949E-031530FE1AEC,17,2
01516AC5-BB38-40DF-949E-031530FE1AEC,32,2
0174C9AE-B9F0-4C19-A1E8-2C133FE2506F,13,3
0174C9AE-B9F0-4C19-A1E8-2C133FE2506F,18,3
0174C9AE-B9F0-4C19-A1E8-2C133FE2506F,39,3
0174C9AE-B9F0-4C19-A1E8-2C133FE2506F,51,3
01809C52-B549-4A67-85F3-E48B9AD06C4A,6,2
01809C52-B549-4A67-85F3-E48B9AD06C4A,12,2
01809C52-B549-4A67-85F3-E48B9AD06C4A,32,2
018273BC-D687-4211-9B70-BE23C704C191,11,1
018273BC-D687-4211-9B70-BE23C704C191,33,3
018273BC-D687-4211-9B70-BE23C704C191,38,1
019b58cd-5f64-4c09-bd18-272e0d6a7161,14,3
01CBD148-5AB9-47AA-B61C-5D0721B94053,11,2
01EF4D16-C7DF-427F-999E-104461D32713,3,3
01EF4D16-C7DF-427F-999E-104461D32713,15,3
01EF4D16-C7DF-427F-999E-104461D32713,20,3
0207F9D6-FA42-4B56-BA21-616A9D39297E,24,3
0207F9D6-FA42-4B56-BA21-616A9D39297E,30,0
020B83DA-0B8F-456F-AFFE-99378DD1788D,2,3
020B83DA-0B8F-456F-AFFE-99378DD1788D,8,3
020B83DA-0B8F-456F-AFFE-99378DD1788D,37,3
020B83DA-0B8F-456F-AFFE-99378DD1788D,41,3
023C14BC-799F-47E0-91AC-F6F6FA1CD0CD,23,2
023C14BC-799F-47E0-91AC-F6F6FA1CD0CD,29,2
0250f641-a0dc-459f-9e3d-df41625c4d64,23,0
0250f641-a0dc-459f-9e3d-df41625c4d64,84,0
0250f641-a0dc-459f-9e3d-df41625c4d64,95,2
029387D3-7C5C-4B77-97E3-626CEC25184F,2,3
02A7AF77-0A90-47F4-B203-F25C8E7C5EE5,3,1
02A7AF77-0A90-47F4-B203-F25C8E7C5EE5,7,1
02A7AF77-0A90-47F4-B203-F25C8E7C5EE5,23,1
02A7AF77-0A90-47F4-B203-F25C8E7C5EE5,28,1
02A7CF42-7FBA-4FFF-8CA4-033D7CA156AB,3,3
02A7CF42-7FBA-4FFF-8CA4-033D7CA156AB,8,3
02A7CF42-7FBA-4FFF-8CA4-033D7CA156AB,19,3
02A7CF42-7FBA-4FFF-8CA4-033D7CA156AB,20,3
02A7CF42-7FBA-4FFF-8CA4-033D7CA156AB,23,3
02A7CF42-7FBA-4FFF-8CA4-033D7CA156AB,29,3
02A7CF42-7FBA-4FFF-8CA4-033D7CA156AB,41,3
02A7CF42-7FBA-4FFF-8CA4-033D7CA156AB,46,3
02D3F309-D4C4-4BED-A67F-A4B8BF1B4C30,9,3
02E15326-5A56-46F2-9D4C-503DAECFA03D,70,6
02E15326-5A56-46F2-9D4C-503DAECFA03D,97,6
02E15326-5A56-46F2-9D4C-503DAECFA03D,101,6
02E15326-5A56-46F2-9D4C-503DAECFA03D,109,6
02EA42A4-7D2F-4372-B0A7-01FB61269FE4,10,3
02EA42A4-7D2F-4372-B0A7-01FB61269FE4,33,3
031F3BEF-4321-44FA-B62D-4D7974373DDB,15,3
031F3BEF-4321-44FA-B62D-4D7974373DDB,19,3
031F3BEF-4321-44FA-B62D-4D7974373DDB,27,3
031F3BEF-4321-44FA-B62D-4D7974373DDB,28,3
031F3BEF-4321-44FA-B62D-4D7974373DDB,37,3
031F3BEF-4321-44FA-B62D-4D7974373DDB,40,3
031F3BEF-4321-44FA-B62D-4D7974373DDB,41,3
03587EC4-9F7C-49AB-BE82-C10E99D9ED29,8,3
038547E6-9894-4C1C-AB55-1C1C0CB4F919,30,2
039fd11b-c417-4e6e-b475-9812a76e7344,29,2
0445b748-db13-434f-8246-03c75cfc4ba8,72,3
0465FE81-6188-4BF6-9E68-0923BA943DCA,82,2
047A6C98-B00A-4BE7-9A66-7F329EAA7EFA,73,3
0498ABCA-8164-4BD7-AF33-A3CE07D5B7D7,1,0
0498ABCA-8164-4BD7-AF33-A3CE07D5B7D7,3,0
0498ABCA-8164-4BD7-AF33-A3CE07D5B7D7,7,0
0498ABCA-8164-4BD7-AF33-A3CE07D5B7D7,19,0
0498ABCA-8164-4BD7-AF33-A3CE07D5B7D7,20,0
0498ABCA-8164-4BD7-AF33-A3CE07D5B7D7,21,0
0498ABCA-8164-4BD7-AF33-A3CE07D5B7D7,26,0
0498ABCA-8164-4BD7-AF33-A3CE07D5B7D7,27,0
0498ABCA-8164-4BD7-AF33-A3CE07D5B7D7,28,0
04AB92B7-5067-4E95-B33E-FF8DC8B32050,2,3
04AB92B7-5067-4E95-B33E-FF8DC8B32050,7,3
04AB92B7-5067-4E95-B33E-FF8DC8B32050,27,3
04AB92B7-5067-4E95-B33E-FF8DC8B32050,34,3
04B48BA8-99A9-4A8B-9B69-725AD01B6D58,6,3
04B48BA8-99A9-4A8B-9B69-725AD01B6D58,10,3
04B48BA8-99A9-4A8B-9B69-725AD01B6D58,22,3
04B48BA8-99A9-4A8B-9B69-725AD01B6D58,38,3
04B48BA8-99A9-4A8B-9B69-725AD01B6D58,47,3
04B48BA8-99A9-4A8B-9B69-725AD01B6D58,53,3
04DC8EA8-BB59-4696-9029-17A1F692396A,56,0
04DC8EA8-BB59-4696-9029-17A1F692396A,116,0
04EFB905-A26A-4968-881A-8E2F2D3B83E4,3,6
04EFB905-A26A-4968-881A-8E2F2D3B83E4,23,1
04EFB905-A26A-4968-881A-8E2F2D3B83E4,28,2
04F1D634-910D-404C-A9AE-DB9BECF15DA0,33,2
04f4c669-e099-487d-98b5-f14be075bef8,90,2
04FC65B8-D305-438A-A0EB-2C6EC272CABB,12,2
04FC65B8-D305-438A-A0EB-2C6EC272CABB,17,2
04FC65B8-D305-438A-A0EB-2C6EC272CABB,24,2
0548E542-DB5C-467F-A7EA-B83C08B54EC5,11,3
0573A692-F0A1-4E58-8D16-31E2EFD3A64A,3,2
0573A692-F0A1-4E58-8D16-31E2EFD3A64A,7,2
0573A692-F0A1-4E58-8D16-31E2EFD3A64A,37,2
057E74C7-D781-4FA3-BD2B-2F4B05555381,3,3
057E74C7-D781-4FA3-BD2B-2F4B05555381,8,0
057E74C7-D781-4FA3-BD2B-2F4B05555381,15,3
057E74C7-D781-4FA3-BD2B-2F4B05555381,19,3
057E74C7-D781-4FA3-BD2B-2F4B05555381,21,3
0592cc43-3431-4c52-845f-e957a2a1bf7b,32,0
0592cc43-3431-4c52-845f-e957a2a1bf7b,32,0
05B362A2-E62E-465A-904A-B584E080DE55,45,3
05BDC412-8FEF-455A-96E8-C4EAD1B0A176,1,6
05BDC412-8FEF-455A-96E8-C4EAD1B0A176,7,6
05BDC412-8FEF-455A-96E8-C4EAD1B0A176,20,6
05BDC412-8FEF-455A-96E8-C4EAD1B0A176,28,6
05BDC412-8FEF-455A-96E8-C4EAD1B0A176,35,6
05BDC412-8FEF-455A-96E8-C4EAD1B0A176,41,6
060E8708-51E4-4B5D-AE24-70337EC8F12D,2,2
060E8708-51E4-4B5D-AE24-70337EC8F12D,20,2
060E8708-51E4-4B5D-AE24-70337EC8F12D,27,2
060E8708-51E4-4B5D-AE24-70337EC8F12D,35,2
062887F6-C5C4-4AD5-A774-8D483078FCB1,8,2
062887F6-C5C4-4AD5-A774-8D483078FCB1,23,2
062887F6-C5C4-4AD5-A774-8D483078FCB1,29,2
062BC5DE-DDF5-43FE-887D-BC97CE81842F,10,3
062BC5DE-DDF5-43FE-887D-BC97CE81842F,16,3
0650C24F-F389-4901-B4A7-5ABA7DF00804,4,3
0650C24F-F389-4901-B4A7-5ABA7DF00804,13,3
0650C24F-F389-4901-B4A7-5ABA7DF00804,36,3
0650C24F-F389-4901-B4A7-5ABA7DF00804,43,3
067CB382-9662-4878-A5E7-45C96A1E2D05,5,3
067CB382-9662-4878-A5E7-45C96A1E2D05,7,3
067CB382-9662-4878-A5E7-45C96A1E2D05,19,3
067CB382-9662-4878-A5E7-45C96A1E2D05,23,3
068037E5-8967-4253-9235-13E2C89BBE1B,6,0
068037E5-8967-4253-9235-13E2C89BBE1B,10,2
068037E5-8967-4253-9235-13E2C89BBE1B,11,0
068037E5-8967-4253-9235-13E2C89BBE1B,13,0
06b1a4b7-0cd9-4022-8772-31c0b14f84de,21,3
072243AE-7589-4776-B71A-C61A4738693A,3,0
072243AE-7589-4776-B71A-C61A4738693A,26,0
072F9C20-EFA3-41E5-BEA8-73DE2E5F8D6E,50,0
0754CAB7-EF2B-4F58-905F-9C99AE81AE91,11,2
078B0508-96D6-468A-AA16-03A50E4A09B9,15,3
078B0508-96D6-468A-AA16-03A50E4A09B9,19,3
07B51531-C0F7-442E-8ED4-FC78C7515715,8,3
07F477C8-67A8-4CD4-BFE2-08D674C725A4,12,3
07f97532-44eb-4758-913c-3f43abda6d31,25,2
07f97532-44eb-4758-913c-3f43abda6d31,67,2
07FB1BAF-6052-462C-AFDD-B32AACDD73DB,20,3
07FB1BAF-6052-462C-AFDD-B32AACDD73DB,28,3
07FB1BAF-6052-462C-AFDD-B32AACDD73DB,34,3
0815E1CA-59BB-41ED-8964-F1795B3E4C48,6,3
0815E1CA-59BB-41ED-8964-F1795B3E4C48,10,3
0815E1CA-59BB-41ED-8964-F1795B3E4C48,36,3
0866c0b1-0385-41ea-9d5a-05aaa6bc1428,32,3
0866c0b1-0385-41ea-9d5a-05aaa6bc1428,48,3
0866c0b1-0385-41ea-9d5a-05aaa6bc1428,52,3
087400fb-3b88-4e19-98b4-c7a29b62a359,51,2
087D3480-AADD-4134-B4B8-C91CF90D6AB1,23,3
087D3480-AADD-4134-B4B8-C91CF90D6AB1,73,3
08835c1b-6385-4704-ae45-5dc1760363f9,3,3
08835c1b-6385-4704-ae45-5dc1760363f9,20,3
08835c1b-6385-4704-ae45-5dc1760363f9,167,3
0898D6DF-B6FC-41CF-B51D-FFD38619C113,21,3
089A7F18-58A5-4EA2-A52F-94B5BE6E3AE9,35,3
08ADB718-E303-4F99-9671-2CEAD07D6F19,29,3
08BCA70A-7003-467D-8153-2FC6DA0D8246,8,1
08BCA70A-7003-467D-8153-2FC6DA0D8246,20,1
08E99914-AAF9-4AA1-9AE4-2FF192BBA02C,1,2
08E99914-AAF9-4AA1-9AE4-2FF192BBA02C,19,2
08E99914-AAF9-4AA1-9AE4-2FF192BBA02C,28,2
091D338B-F563-4836-8377-85DA470353CE,89,3
09285380-DEEE-4976-AE53-82849262014B,2,3
09285380-DEEE-4976-AE53-82849262014B,26,3
0933da5e-56ef-4e12-88e5-d81d6339ef52,39,3
0933da5e-56ef-4e12-88e5-d81d6339ef52,80,3
09463CD1-BE2A-4B5D-A268-A782C916CE0B,19,2
095641D7-5B0D-4355-8A58-5BCFD7F11967,22,3
095641D7-5B0D-4355-8A58-5BCFD7F11967,39,3
09A68FEC-7459-43EA-9946-AB1EF0A82B64,2,2
09A68FEC-7459-43EA-9946-AB1EF0A82B64,7,2
09A68FEC-7459-43EA-9946-AB1EF0A82B64,35,3
09A68FEC-7459-43EA-9946-AB1EF0A82B64,60,2
09CF5670-DFFC-49B7-AF24-443A403F0DA9,9,3
09DBC000-7939-4515-88A3-B89AB1159EDF,15,2
0AA3CC18-D951-4F0E-985F-E7284F222E4A,5,3
0AA3CC18-D951-4F0E-985F-E7284F222E4A,7,3
0AA3CC18-D951-4F0E-985F-E7284F222E4A,19,3
0AA3CC18-D951-4F0E-985F-E7284F222E4A,21,3
0AB9A86A-8FDE-4BC0-B077-21FFB7E67439,7,6
0AB9A86A-8FDE-4BC0-B077-21FFB7E67439,20,2
0AB9A86A-8FDE-4BC0-B077-21FFB7E67439,34,0
0AD1BBC8-771F-4D47-A4C3-687468521218,3,3
0B7621A6-7743-4768-9623-9CEEB69D5F99,9,3
0B7621A6-7743-4768-9623-9CEEB69D5F99,31,3
0B7621A6-7743-4768-9623-9CEEB69D5F99,45,3
0B7B6307-9829-4554-8723-957D000AFB37,10,3
0B7B6307-9829-4554-8723-957D000AFB37,16,3
0B7B6307-9829-4554-8723-957D000AFB37,22,3
0B8E01AE-A6F9-4915-960E-2543F154DA0A,24,3
0B8E01AE-A6F9-4915-960E-2543F154DA0A,33,3
0B93346D-527A-4A8B-BBCF-CADE5A2BA8B4,2,3
0B93346D-527A-4A8B-BBCF-CADE5A2BA8B4,26,3
0BE31CA3-A578-40A8-B593-DA63F51BA707,12,2
0C0EABE7-8957-461E-AB4A-5B65F7D781AD,26,3
0C0EABE7-8957-461E-AB4A-5B65F7D781AD,34,3
0C0EABE7-8957-461E-AB4A-5B65F7D781AD,35,4
0C2874D1-46BE-46D3-AED5-D418D570F149,15,2
0C2874D1-46BE-46D3-AED5-D418D570F149,74,2
0C460C2C-6620-4AD4-AAE6-7EE149F823C7,2,3
0C838FAB-193B-47A8-A6E9-13572591A7F3,13,2
0C838FAB-193B-47A8-A6E9-13572591A7F3,31,2
0CC8D857-D62C-4F9A-90A1-01A10661583C,1,3
0CC8D857-D62C-4F9A-90A1-01A10661583C,5,3
0CCF0C42-F273-4457-976C-E608D7CD315A,29,2
0D0D3716-ACB8-44F0-9410-CFC6A0C5AAD6,14,3
0D0D3716-ACB8-44F0-9410-CFC6A0C5AAD6,76,3
0D4251C1-7BBD-4048-AE92-291D11017AAF,2,0
0D4251C1-7BBD-4048-AE92-291D11017AAF,14,3
0D4F722C-0B1F-4BC9-A071-60D5336656E2,4,2
0D4F722C-0B1F-4BC9-A071-60D5336656E2,16,0
0D55803F-290D-446F-A65B-6114BD7641B0,12,3
0D55803F-290D-446F-A65B-6114BD7641B0,42,3
0d71f90c-0cf1-4a42-95c4-d5532103774a,1,
0d71f90c-0cf1-4a42-95c4-d5532103774a,7,1
0D9028EC-C5E7-4FBC-872D-403D88A3EDBD,14,3
0D9028EC-C5E7-4FBC-872D-403D88A3EDBD,23,3
0DA08AF7-290F-44B6-99C6-E208AFA3C1E9,61,2
0da8c616-f393-4720-82bb-6654b595aa51,3,3
0DBF7C12-4B28-49CC-8A5E-7EE1D42D49BC,13,2
0DC669FB-4758-4F28-8A9B-45E572F074D0,13,3
0DC669FB-4758-4F28-8A9B-45E572F074D0,70,3
0DC6E102-E6DD-42B3-8C42-606D2EFEC5D8,19,2
0DCB671F-712B-4215-B98C-EAFC018C42B0,14,3
0E378956-801C-403E-874B-FF4E0629E4CF,4,3
0E47BA57-1845-4171-B2DC-D84056F1AEFF,7,3
0E85D934-A6A3-42E7-B9FD-5D882E03FD6C,7,2
0E85D934-A6A3-42E7-B9FD-5D882E03FD6C,49,2
0E8845E8-45E1-425A-80A4-685A40128648,17,2
0EBBA8E2-4522-4F53-82C2-1AB1B8F17BD5,58,3
0EBC94FE-FC5B-4679-9C52-1973766C8376,52,3
0EBC94FE-FC5B-4679-9C52-1973766C8376,68,3
0EFAF237-5306-44FE-8B8E-FDD3C820A91D,14,3
0EFAF237-5306-44FE-8B8E-FDD3C820A91D,19,3
0EFAF237-5306-44FE-8B8E-FDD3C820A91D,28,3
0EFAF237-5306-44FE-8B8E-FDD3C820A91D,37,3
0F09F5E5-E955-4125-A789-05063141B52B,38,3
0f0fa2ca-e23b-4d7d-9c0b-b737185b997e,26,0
0F406771-1F87-428F-9232-71A6FAE14B81,9,3
0F406771-1F87-428F-9232-71A6FAE14B81,13,3
0F406771-1F87-428F-9232-71A6FAE14B81,22,3
0F406771-1F87-428F-9232-71A6FAE14B81,33,3
0F4A9F78-F631-41BC-9E0D-6440E41EF6F3,11,2
0f513af2-073c-46f3-b490-19c8cc7bc717,15,2
0F5B0E69-38A5-4245-9BC3-AEBD6A9542A4,4,3
0FD2998F-0503-46A6-A033-890BDAD061E8,31,3
1012430A-0E3D-4417-B7D0-1CFE8B121877,6,3
1012430A-0E3D-4417-B7D0-1CFE8B121877,10,3
1012430A-0E3D-4417-B7D0-1CFE8B121877,12,3
1012430A-0E3D-4417-B7D0-1CFE8B121877,32,3
1012430A-0E3D-4417-B7D0-1CFE8B121877,39,3
101559E9-5126-4190-98CA-130BDFE0FE15,76,3
1027ED26-02A0-443C-9DCA-72D27002107F,1,1
103041C4-B746-4503-9FC8-7F5B96297260,37,3
105D0C4B-E33A-41A7-A998-E708DA6737E8,14,2
105D0C4B-E33A-41A7-A998-E708DA6737E8,20,2
105D0C4B-E33A-41A7-A998-E708DA6737E8,41,2
107ad02e-32cd-45fe-ab08-9a152f1a3188,77,3
10D450AE-1403-4D7A-B0CA-B10EB019A767,10,3
10D450AE-1403-4D7A-B0CA-B10EB019A767,12,2
10D450AE-1403-4D7A-B0CA-B10EB019A767,24,3
10EC96D3-FDD1-4DF7-B724-052B8A1D35EC,3,0
10EC96D3-FDD1-4DF7-B724-052B8A1D35EC,27,2
10EC96D3-FDD1-4DF7-B724-052B8A1D35EC,34,2
10EC96D3-FDD1-4DF7-B724-052B8A1D35EC,49,2
10EC96D3-FDD1-4DF7-B724-052B8A1D35EC,69,2
110DA194-78CE-4CBD-AED2-348B5E870C19,16,3
112DCA99-2E38-43C1-BE90-99FA43C8A72D,2,3
112DCA99-2E38-43C1-BE90-99FA43C8A72D,27,2
114AF212-24AF-4BB0-8A89-7DA02981C197,19,2
114AF212-24AF-4BB0-8A89-7DA02981C197,35,2
11A7E76E-2000-467D-9854-1E8F6F6B658F,3,2
11A7E76E-2000-467D-9854-1E8F6F6B658F,27,2
11A7E76E-2000-467D-9854-1E8F6F6B658F,57,2
11B05B91-93BC-4E3D-9B05-D9A64253BB00,1,3
11B05B91-93BC-4E3D-9B05-D9A64253BB00,15,3
11B05B91-93BC-4E3D-9B05-D9A64253BB00,21,3
11B05B91-93BC-4E3D-9B05-D9A64253BB00,34,3
11B5EA36-0D94-48D3-A286-9182F2D374CD,18,3
11C42317-48A2-4B4F-8109-BA86458237CE,35,3
1271C41E-19FD-43B3-9C94-868955198B08,47,2
128F3534-EF59-4547-A003-449C8974F030,2,3
128FAC15-5541-4AB5-B981-686E4357987F,11,0
128FAC15-5541-4AB5-B981-686E4357987F,13,3
128FAC15-5541-4AB5-B981-686E4357987F,33,3
129A9F13-C5F3-40C8-B7FB-B7A7DEA7F518,5,0
129A9F13-C5F3-40C8-B7FB-B7A7DEA7F518,23,6
129A9F13-C5F3-40C8-B7FB-B7A7DEA7F518,37,1
12CF4B3E-1F85-4690-98BF-CB39EBA4125C,4,3
12D39CCE-C0A5-46DB-BCF2-F1952BEBDA59,2,3
12D39CCE-C0A5-46DB-BCF2-F1952BEBDA59,3,3
12D39CCE-C0A5-46DB-BCF2-F1952BEBDA59,7,1
12D39CCE-C0A5-46DB-BCF2-F1952BEBDA59,7,1
12D39CCE-C0A5-46DB-BCF2-F1952BEBDA59,14,3
12D39CCE-C0A5-46DB-BCF2-F1952BEBDA59,15,3
12D39CCE-C0A5-46DB-BCF2-F1952BEBDA59,19,3
12D39CCE-C0A5-46DB-BCF2-F1952BEBDA59,23,2
12D39CCE-C0A5-46DB-BCF2-F1952BEBDA59,26,1
12F80926-9040-4226-A396-8B9D02E102D2,10,3
12F80926-9040-4226-A396-8B9D02E102D2,36,3
1316AC53-8182-490B-AE1A-44836CE8B391,4,1
1316AC53-8182-490B-AE1A-44836CE8B391,9,1
1316AC53-8182-490B-AE1A-44836CE8B391,10,1
1316AC53-8182-490B-AE1A-44836CE8B391,12,1
1316AC53-8182-490B-AE1A-44836CE8B391,18,1
1316AC53-8182-490B-AE1A-44836CE8B391,22,0
13259E1C-0517-4102-BC7A-FE492FDDC228,23,3
133BDD9E-37A9-4F1A-9FE7-035755D4CBDC,1,2
133BDD9E-37A9-4F1A-9FE7-035755D4CBDC,7,2
133BDD9E-37A9-4F1A-9FE7-035755D4CBDC,20,2
133BDD9E-37A9-4F1A-9FE7-035755D4CBDC,29,2
134D8C76-771A-4E84-9C61-AD81A83D4EF7,8,3
134D8C76-771A-4E84-9C61-AD81A83D4EF7,21,3
134D8C76-771A-4E84-9C61-AD81A83D4EF7,35,3
13672DA2-785A-4B09-85FF-B0D2B569193E,17,4
137C752C-4BBB-4ABA-9270-0EAD983E6F60,46,3
140DB7AD-3EA3-4C5F-B965-4060FBE33260,4,2
140DB7AD-3EA3-4C5F-B965-4060FBE33260,10,2
1425887D-04C8-41B5-B7ED-F95FF319ADDA,6,6
1425887D-04C8-41B5-B7ED-F95FF319ADDA,10,3
1425887D-04C8-41B5-B7ED-F95FF319ADDA,25,2
1425887D-04C8-41B5-B7ED-F95FF319ADDA,32,3
1425887D-04C8-41B5-B7ED-F95FF319ADDA,39,3
1429D761-9B71-4CA6-90D4-CA968249ED82,10,3
1429D761-9B71-4CA6-90D4-CA968249ED82,24,3
1429D761-9B71-4CA6-90D4-CA968249ED82,30,3
1429D761-9B71-4CA6-90D4-CA968249ED82,53,3
1429D761-9B71-4CA6-90D4-CA968249ED82,70,3
14343596-1AF8-419C-BECF-1F7CC80C6F1F,2,3
14343596-1AF8-419C-BECF-1F7CC80C6F1F,26,3
14343596-1AF8-419C-BECF-1F7CC80C6F1F,35,3
1435AD34-F50B-4F89-87FF-2D56493128F0,41,3
1449A493-23F1-4471-AA29-73B28318ECB8,140,3
1449A493-23F1-4471-AA29-73B28318ECB8,144,3
1449A493-23F1-4471-AA29-73B28318ECB8,151,3
1449A493-23F1-4471-AA29-73B28318ECB8,177,3
148301DF-2F99-40B9-8EFC-D5EB22FC2C8F,37,3
148301DF-2F99-40B9-8EFC-D5EB22FC2C8F,41,3
1497F637-9F22-42A5-8E91-7FBE1A920641,2,2
1497F637-9F22-42A5-8E91-7FBE1A920641,8,2
1497F637-9F22-42A5-8E91-7FBE1A920641,15,2
149A58E7-F21A-4430-99EC-EFA3AEEFED6D,8,3
14CC73B2-A6F6-41C0-8596-5CFAA772E7BC,28,2
14DAE3B5-F5E3-42AF-BD14-8BFCC3068E77,2,1
14DAE3B5-F5E3-42AF-BD14-8BFCC3068E77,3,1
14DAE3B5-F5E3-42AF-BD14-8BFCC3068E77,8,1
14DF4C08-75B9-48FC-B1C3-78A1BBEDEB99,9,3
14DF4C08-75B9-48FC-B1C3-78A1BBEDEB99,13,6
14DF4C08-75B9-48FC-B1C3-78A1BBEDEB99,33,2
14DF4C08-75B9-48FC-B1C3-78A1BBEDEB99,43,2
14DF4C08-75B9-48FC-B1C3-78A1BBEDEB99,54,3
14DF4C08-75B9-48FC-B1C3-78A1BBEDEB99,63,2
14e61dde-4a71-4146-bd40-825c5584ade7,33,3
14FD00FC-FBF9-4F79-B58B-03DB5E294386,2,2
14FD00FC-FBF9-4F79-B58B-03DB5E294386,21,2
14FD00FC-FBF9-4F79-B58B-03DB5E294386,76,2
14FD00FC-FBF9-4F79-B58B-03DB5E294386,83,2
15007185-FBF0-4232-AC51-C9CC3D6C6EB4,25,3
15007185-FBF0-4232-AC51-C9CC3D6C6EB4,45,3
15007185-FBF0-4232-AC51-C9CC3D6C6EB4,52,3
152F9E34-10AC-4B96-BE27-89805776104F,19,3
152F9E34-10AC-4B96-BE27-89805776104F,37,3
152F9E34-10AC-4B96-BE27-89805776104F,49,3
15420882-795D-4240-9958-6DFBC2AAA73D,4,3
15420882-795D-4240-9958-6DFBC2AAA73D,12,3
15420882-795D-4240-9958-6DFBC2AAA73D,16,3
15420882-795D-4240-9958-6DFBC2AAA73D,18,3
154945dd-580c-49ec-b132-a25292b24867,1,3
154945dd-580c-49ec-b132-a25292b24867,27,3
154945dd-580c-49ec-b132-a25292b24867,40,3
154945dd-580c-49ec-b132-a25292b24867,78,3
154e6cc8-0e4e-4c03-bafb-04a6c73ce67b,13,2
154e6cc8-0e4e-4c03-bafb-04a6c73ce67b,25,2
156BDBE9-9DC0-412A-AF1A-53203253DBCE,2,2
156BDBE9-9DC0-412A-AF1A-53203253DBCE,7,2
156BDBE9-9DC0-412A-AF1A-53203253DBCE,71,2
156BDBE9-9DC0-412A-AF1A-53203253DBCE,96,2
156BDBE9-9DC0-412A-AF1A-53203253DBCE,129,2
157D27B5-44B9-4D3C-8FD1-91C7E3511203,6,2
157D27B5-44B9-4D3C-8FD1-91C7E3511203,16,2
157D27B5-44B9-4D3C-8FD1-91C7E3511203,53,2
159d077a-df89-4680-9270-f74bd26a7081,75,3
15C501F4-E104-4D2F-A9C0-9569EED88E08,26,4
15EB8F88-EE59-45D2-9C37-81FA25CD305D,31,3
15EB8F88-EE59-45D2-9C37-81FA25CD305D,63,3
15F08FD1-FB55-4294-932D-A07EB9A812C8,21,3
1612A09E-96C4-4603-84AE-81ACB085D04B,37,2
1612A09E-96C4-4603-84AE-81ACB085D04B,62,2
16481ae7-619d-4245-ad31-cdf18083e26c,6,0
16481ae7-619d-4245-ad31-cdf18083e26c,10,0
16481ae7-619d-4245-ad31-cdf18083e26c,13,0
16481ae7-619d-4245-ad31-cdf18083e26c,22,0
16481ae7-619d-4245-ad31-cdf18083e26c,30,0
16481ae7-619d-4245-ad31-cdf18083e26c,31,0
16481ae7-619d-4245-ad31-cdf18083e26c,32,0
16481ae7-619d-4245-ad31-cdf18083e26c,39,0
16481ae7-619d-4245-ad31-cdf18083e26c,47,6
16481ae7-619d-4245-ad31-cdf18083e26c,48,0
16481ae7-619d-4245-ad31-cdf18083e26c,52,0
16536E14-B8B5-4BCE-8E81-655C6EB22171,17,3
16536E14-B8B5-4BCE-8E81-655C6EB22171,39,3
16597cea-6b8c-46a3-82de-34ab4bb04037,28,2
16597cea-6b8c-46a3-82de-34ab4bb04037,85,2
166D3EA4-1BE3-4631-9B64-8EDB61738B4C,16,3
16911093-C5E8-4032-9265-7E061ED1D51D,7,2
16911093-C5E8-4032-9265-7E061ED1D51D,35,2
16A1A4F0-6BE5-46FF-BED5-1CF49B27583C,11,2
16A1A4F0-6BE5-46FF-BED5-1CF49B27583C,16,2
16A1A4F0-6BE5-46FF-BED5-1CF49B27583C,24,2
16A1A4F0-6BE5-46FF-BED5-1CF49B27583C,33,3
16d17bf8-9b54-4bde-9e64-5e8bb063475a,32,2
16E0E746-2774-45D9-A66B-9FF997C428A1,8,2
16E0E746-2774-45D9-A66B-9FF997C428A1,15,2
16E0E746-2774-45D9-A66B-9FF997C428A1,20,2
16E0E746-2774-45D9-A66B-9FF997C428A1,37,2
16e26a10-2109-45ae-9694-6c5dd5be3f0f,1,
171BC0DA-D83A-4E7B-9A82-4EE58B2C4A6C,11,2
171BC0DA-D83A-4E7B-9A82-4EE58B2C4A6C,18,2
172d44c6-715a-4ac6-99fa-6dc1555888e2,9,2
172d44c6-715a-4ac6-99fa-6dc1555888e2,66,2
17BDC861-A5FC-4872-BCC9-765064988CFC,37,3
17D6A4C0-8EA1-476E-89D5-038289A4A31F,20,4
17D7D329-0E36-4D06-8D48-D941F7F04D2C,4,2
17D7D329-0E36-4D06-8D48-D941F7F04D2C,24,0
17FD788C-4CF0-4F43-A0DD-F0E7E6497E25,2,2
17FD788C-4CF0-4F43-A0DD-F0E7E6497E25,8,2
18000E35-BC39-4F3E-9937-919F7D3A0B2F,11,3
18000E35-BC39-4F3E-9937-919F7D3A0B2F,33,3
18000E35-BC39-4F3E-9937-919F7D3A0B2F,107,3
18000E35-BC39-4F3E-9937-919F7D3A0B2F,113,3
18000E35-BC39-4F3E-9937-919F7D3A0B2F,135,3
180DA138-71AE-43AF-BAC9-3415E7D321A1,10,0
180DA138-71AE-43AF-BAC9-3415E7D321A1,13,0
180DA138-71AE-43AF-BAC9-3415E7D321A1,31,3
180FD01C-C3F9-4682-8FF4-187CE32862F2,70,0
180FD01C-C3F9-4682-8FF4-187CE32862F2,72,6
18283B22-1859-400A-81E1-BD012A389960,44,3
18283B22-1859-400A-81E1-BD012A389960,155,3
182B6185-65EA-4C47-9E19-728108BA2C83,4,3
182B6185-65EA-4C47-9E19-728108BA2C83,18,3
18580130-5B7E-4B70-A8F1-D650378328BE,16,3
18580130-5B7E-4B70-A8F1-D650378328BE,52,3
18580130-5B7E-4B70-A8F1-D650378328BE,63,3
185B5B37-7774-4E5E-9D8F-416206E620F3,1,3
185B5B37-7774-4E5E-9D8F-416206E620F3,3,3
185B5B37-7774-4E5E-9D8F-416206E620F3,5,3
185B5B37-7774-4E5E-9D8F-416206E620F3,14,3
185B5B37-7774-4E5E-9D8F-416206E620F3,29,3
18627BD2-2EB7-4082-8F4D-B822724F863B,1,3
18627BD2-2EB7-4082-8F4D-B822724F863B,37,3
18B59D22-126D-4D3D-9C95-E41657F2A5FD,3,2
18B59D22-126D-4D3D-9C95-E41657F2A5FD,7,2
18B59D22-126D-4D3D-9C95-E41657F2A5FD,28,2
18C69B65-0C19-45FB-A891-200B2EF530C9,15,1
18E9A4ED-4DFA-43CF-93C0-CC769A1078B3,7,1
18E9A4ED-4DFA-43CF-93C0-CC769A1078B3,8,1
18E9A4ED-4DFA-43CF-93C0-CC769A1078B3,15,1
18E9A4ED-4DFA-43CF-93C0-CC769A1078B3,23,1
192F5C72-51F6-4DAB-BE46-DC0A794405AE,6,2
192F5C72-51F6-4DAB-BE46-DC0A794405AE,18,3
192F5C72-51F6-4DAB-BE46-DC0A794405AE,25,2
193BCB6D-F428-4DDD-8F14-61AFC8023BE9,14,3
193BCB6D-F428-4DDD-8F14-61AFC8023BE9,19,3
193BCB6D-F428-4DDD-8F14-61AFC8023BE9,26,3
195D3F58-6E13-428D-948F-7B5FE5988B68,32,3
19736EFF-FB9F-4A91-A95D-9375E4341A9B,20,3
19736EFF-FB9F-4A91-A95D-9375E4341A9B,26,3
19953BF3-8C75-49DF-BF09-29062376C808,19,2
19953BF3-8C75-49DF-BF09-29062376C808,57,2
19C20CE8-B9B0-4438-ADC1-3E8AD94FDC7B,18,2
19C4E3A4-7D88-4AAF-9C68-F9D6AB79BD1F,6,3
19F2FA94-C408-481D-ADAF-4471B4414EB2,1,2
19D7C3D5-C1BF-4854-96C8-76947CEDCE38,36,2
19F2FA94-C408-481D-ADAF-4471B4414EB2,7,3
1a06e59a-dce6-436c-b552-e64ddf399d84,64,3
1A4BA32D-3F7E-4CC2-B406-F7BA51D97809,59,0
1A54EDCE-89E2-4A11-9139-3E4F51E1FE52,2,3
1A54EDCE-89E2-4A11-9139-3E4F51E1FE52,62,3
1A735FC9-4D0A-4388-83C1-B3F3D7C78A90,5,2
1AB87724-15F1-47F2-8F7C-7D89E3F94644,13,3
1AF74212-08F7-4C7D-BC3D-932F2D4511BB,17,3
1AF74212-08F7-4C7D-BC3D-932F2D4511BB,33,3
1AF74212-08F7-4C7D-BC3D-932F2D4511BB,44,3
1AF74212-08F7-4C7D-BC3D-932F2D4511BB,55,3
1B42A4B6-2CA8-4FFB-9608-4D9263D4CA1B,57,3
1B4A0DB5-10E2-4BAC-9AFB-141974E92C69,7,2
1B4A0DB5-10E2-4BAC-9AFB-141974E92C69,29,2
1B4BB555-B4BF-4C87-95D9-DF26E5C85C28,11,3
1B4BB555-B4BF-4C87-95D9-DF26E5C85C28,52,3
1B4BB555-B4BF-4C87-95D9-DF26E5C85C28,59,3
1B4BB555-B4BF-4C87-95D9-DF26E5C85C28,119,0
1B9156CB-17BF-43BF-BCE1-822E7DE35457,13,3
1bb62fcc-054e-4c39-8947-23f8b582a8b6,2,0
1C0DF313-AA4C-4220-8025-51E57C863EE5,12,4
1C5E9CA7-FA7B-401E-9A48-00370F933C07,25,2
1C5E9CA7-FA7B-401E-9A48-00370F933C07,36,2
1C7F7EED-7628-4105-AD73-6740EE48080A,21,0
1C7F7EED-7628-4105-AD73-6740EE48080A,41,1
1CB6DE3F-5572-4101-AE3A-BEDCA4E4F965,14,2
1CB6DE3F-5572-4101-AE3A-BEDCA4E4F965,29,3
1CC87E33-C122-4727-94FD-879507315A92,37,3
1CC87E33-C122-4727-94FD-879507315A92,84,1
1CDA58C8-8BBE-4B22-947B-7D9514A87892,14,2
1CDA93E9-73FF-40D3-A5C1-A637E33E57B2,5,2
1CDA93E9-73FF-40D3-A5C1-A637E33E57B2,21,2
1CDC8D63-23ED-44F8-B598-16A4D9D9AC9A,1,2
1CF678F2-4FF9-4041-8F81-69A8A8E7DB1C,82,3
1CF678F2-4FF9-4041-8F81-69A8A8E7DB1C,89,3
1D1FB6D9-E972-43DA-A7B2-625E361989A8,5,2
1D1FB6D9-E972-43DA-A7B2-625E361989A8,73,2
1D50DD24-E398-436A-9812-46EA38972331,52,3
1D78E8FA-0CFC-44D8-8228-FB9B352FDD80,34,2
1D78E8FA-0CFC-44D8-8228-FB9B352FDD80,37,2
1D78E8FA-0CFC-44D8-8228-FB9B352FDD80,40,2
1D921BF0-10CB-49A6-830F-D7AE054E9775,2,2
1D921BF0-10CB-49A6-830F-D7AE054E9775,15,0
1D9659B6-E755-4673-B136-52273BEC5A67,9,2
1D9659B6-E755-4673-B136-52273BEC5A67,11,2
1D9659B6-E755-4673-B136-52273BEC5A67,22,2
1D9659B6-E755-4673-B136-52273BEC5A67,31,2
1D9659B6-E755-4673-B136-52273BEC5A67,55,2
1d9bf09b-bbcf-4f23-a536-3bde585f7926,16,2
1d9bf09b-bbcf-4f23-a536-3bde585f7926,100,2
1DC7B75D-CDF4-4743-A03E-5A7DF8FDAF3C,13,3
1DD4827D-0E89-4FD7-8F6F-B04E40B924F5,17,3
1E01508B-3275-44CB-B04F-6D81BFA15A20,8,0
1E01508B-3275-44CB-B04F-6D81BFA15A20,19,0
1E01508B-3275-44CB-B04F-6D81BFA15A20,41,2
1E1DC3B6-DBBA-48A4-8C80-3BB5166F8B2D,51,2
1E3C6228-3C06-43BB-A702-DF85FE58341B,11,3
1E3C6228-3C06-43BB-A702-DF85FE58341B,22,3
1E7E498E-1FA2-4738-B0AD-A89F509C0573,24,2
1E80D9E3-3667-45A6-9CA4-77B9D9552115,12,3
1E80D9E3-3667-45A6-9CA4-77B9D9552115,22,3
1E80D9E3-3667-45A6-9CA4-77B9D9552115,30,3
1E80D9E3-3667-45A6-9CA4-77B9D9552115,39,3
1E99C0AA-56A3-4185-A449-B6325222E402,4,3
1E99C0AA-56A3-4185-A449-B6325222E402,10,3
1E99C0AA-56A3-4185-A449-B6325222E402,13,3
1ed1c548-a9cb-47ad-a141-a930d9166cc2,3,2
1ed1c548-a9cb-47ad-a141-a930d9166cc2,29,4
1ed1c548-a9cb-47ad-a141-a930d9166cc2,37,2
1ed1c548-a9cb-47ad-a141-a930d9166cc2,46,2
1F0A5799-7F7E-4BA7-91A5-0E44F918650F,8,2
1f70264d-c4d9-4014-905b-e771938a2f6c,7,2
1f70264d-c4d9-4014-905b-e771938a2f6c,28,2
1f70264d-c4d9-4014-905b-e771938a2f6c,46,2
1f743cee-8d1e-4d60-8152-996a186b7aa6,67,0
1f743cee-8d1e-4d60-8152-996a186b7aa6,68,0
1F86E423-EF17-4794-87ED-3FC4D3E1A59D,28,3
1F86E423-EF17-4794-87ED-3FC4D3E1A59D,37,3
1FA6AC35-A6F1-4BFC-B29B-42A82AAA3A2D,39,1
1FA6AC35-A6F1-4BFC-B29B-42A82AAA3A2D,45,1
1FC8D9F3-F387-467B-ACE3-8733951C86D8,6,2
1FCFBD0A-0F06-43F1-AD4F-41F8EB38E940,9,3
1FCFBD0A-0F06-43F1-AD4F-41F8EB38E940,12,3
1FDAEB27-E5BB-42FA-865B-0C3F4D268849,38,3
20CF2B03-D29A-4545-9055-132747D85C09,9,2
20CF2B03-D29A-4545-9055-132747D85C09,12,2
20E879B0-0DDE-4309-934B-20EBC9974252,1,3
20E879B0-0DDE-4309-934B-20EBC9974252,3,3
20E879B0-0DDE-4309-934B-20EBC9974252,5,3
20E879B0-0DDE-4309-934B-20EBC9974252,8,3
20E879B0-0DDE-4309-934B-20EBC9974252,19,3
20E879B0-0DDE-4309-934B-20EBC9974252,26,3
20E879B0-0DDE-4309-934B-20EBC9974252,29,3
2105108d-4c3f-457b-b479-ec2cd69e6d46,80,1
2105108d-4c3f-457b-b479-ec2cd69e6d46,111,0
2105108d-4c3f-457b-b479-ec2cd69e6d46,113,0
2105108d-4c3f-457b-b479-ec2cd69e6d46,207,3
2105108d-4c3f-457b-b479-ec2cd69e6d46,221,0
2105108d-4c3f-457b-b479-ec2cd69e6d46,262,0
2105108d-4c3f-457b-b479-ec2cd69e6d46,288,1
2105108d-4c3f-457b-b479-ec2cd69e6d46,295,0
2105108d-4c3f-457b-b479-ec2cd69e6d46,429,0
2105108d-4c3f-457b-b479-ec2cd69e6d46,459,3
2105108d-4c3f-457b-b479-ec2cd69e6d46,476,0
2106D7B2-0801-43E1-81B3-BB12B260D3A3,37,3
2106D7B2-0801-43E1-81B3-BB12B260D3A3,78,3
213574CB-EC80-4B3A-832B-8CECB7BE337B,10,3
213574CB-EC80-4B3A-832B-8CECB7BE337B,13,3
213574CB-EC80-4B3A-832B-8CECB7BE337B,18,3
2151A9B7-8FA5-4127-B151-2D569FC3E7A0,35,3
215BA8D9-D054-494D-AB16-220C357DFA21,46,3
215BA8D9-D054-494D-AB16-220C357DFA21,62,3
2192EE85-F8EB-4D70-94F9-F3F90B6AD613,17,2
2192EE85-F8EB-4D70-94F9-F3F90B6AD613,22,3
21973BE2-B511-4876-AA33-239C42ADFFA7,29,1
21D1D111-D78D-47F6-9CAC-BE9BF6EB90CF,2,2
21D1D111-D78D-47F6-9CAC-BE9BF6EB90CF,57,2
224E1820-3333-466A-9D3C-3E94A6D75103,6,3
224E1820-3333-466A-9D3C-3E94A6D75103,11,3
224E1820-3333-466A-9D3C-3E94A6D75103,18,3
224E1820-3333-466A-9D3C-3E94A6D75103,43,3
224E1820-3333-466A-9D3C-3E94A6D75103,45,0
224E1820-3333-466A-9D3C-3E94A6D75103,50,3
224E1820-3333-466A-9D3C-3E94A6D75103,55,3
225273a5-11dc-4a7c-8755-5638f01b8685,20,3
225273a5-11dc-4a7c-8755-5638f01b8685,34,3
225273a5-11dc-4a7c-8755-5638f01b8685,83,3
225273a5-11dc-4a7c-8755-5638f01b8685,129,3
22588E74-1DC9-4E5F-BBD4-CCE23B761E81,27,3
22588E74-1DC9-4E5F-BBD4-CCE23B761E81,29,3
22588E74-1DC9-4E5F-BBD4-CCE23B761E81,35,3
225EF84D-2055-47CA-9C88-746373F5CCD7,3,2
225EF84D-2055-47CA-9C88-746373F5CCD7,34,2
228126F3-CAC9-45B1-9DAD-CB79F83AABA6,15,2
228126F3-CAC9-45B1-9DAD-CB79F83AABA6,27,2
22a403e4-1762-44a8-8eab-c9611af68377,1,5
22a403e4-1762-44a8-8eab-c9611af68377,35,1
22a403e4-1762-44a8-8eab-c9611af68377,58,2
22ADB89F-6B54-4C3D-8B8F-3A4DE8D34BA3,27,1
22C3D469-8365-44F1-B959-4DE2B94E6FA7,4,3
22C3D469-8365-44F1-B959-4DE2B94E6FA7,9,3
22C3D469-8365-44F1-B959-4DE2B94E6FA7,31,3
22CCECA3-6851-4BC3-BBD7-56D0A0D8492C,1,3
22F242EB-B910-4A85-9E0C-3F49F7E815F6,7,2
22F242EB-B910-4A85-9E0C-3F49F7E815F6,40,2
2335133A-951A-41D5-AC6E-47C8C7300064,20,1
2335133A-951A-41D5-AC6E-47C8C7300064,34,1
2340C902-9972-40E2-8874-DFA5F8C45BF5,11,3
2340C902-9972-40E2-8874-DFA5F8C45BF5,55,3
2344148D-F2D1-4153-BC45-0E22188B616B,18,3
2344148D-F2D1-4153-BC45-0E22188B616B,32,3
235D979D-D662-4BF3-9356-86594511BDD2,8,3
235D979D-D662-4BF3-9356-86594511BDD2,23,3
235D979D-D662-4BF3-9356-86594511BDD2,27,3
235D979D-D662-4BF3-9356-86594511BDD2,41,3
235D979D-D662-4BF3-9356-86594511BDD2,49,3
235D979D-D662-4BF3-9356-86594511BDD2,58,3
235D979D-D662-4BF3-9356-86594511BDD2,60,3
235D979D-D662-4BF3-9356-86594511BDD2,62,3
2368547A-B8A1-47C6-8DDF-B1C3CA65038D,5,3
2368547A-B8A1-47C6-8DDF-B1C3CA65038D,85,1
23E9B651-0987-44CC-8F37-53E8CD49714B,11,3
2402B911-0ACE-435D-8C3E-AD304FE7C494,14,3
2402B911-0ACE-435D-8C3E-AD304FE7C494,21,3
240A18CE-FDFB-4683-98AB-F5D6D3A4D63D,29,2
240A18CE-FDFB-4683-98AB-F5D6D3A4D63D,34,2
24158123-F9A9-4361-A3A0-1DA0705CCE30,58,3
24158123-F9A9-4361-A3A0-1DA0705CCE30,73,3
244DC03A-78D4-402F-8671-8865CD5F631F,3,3
244DC03A-78D4-402F-8671-8865CD5F631F,21,3
245CB562-9BB1-4A7A-9C91-B0A506526131,6,6
245CB562-9BB1-4A7A-9C91-B0A506526131,9,1
245CB562-9BB1-4A7A-9C91-B0A506526131,12,1
245CB562-9BB1-4A7A-9C91-B0A506526131,13,1
245CB562-9BB1-4A7A-9C91-B0A506526131,16,0
24aa6466-b31e-4635-beb1-91ac2757f0b0,4,1
24C269A6-B243-400A-A565-7299A9209BA3,6,6
24C269A6-B243-400A-A565-7299A9209BA3,11,2
24C269A6-B243-400A-A565-7299A9209BA3,13,2
24C269A6-B243-400A-A565-7299A9209BA3,33,3
24C269A6-B243-400A-A565-7299A9209BA3,36,2
24C269A6-B243-400A-A565-7299A9209BA3,43,2
24d39983-78ca-4d35-8b6f-7a7edea00205,76,3
254A5B47-9CA5-41A7-813C-FE06AFEF6547,17,3
254A5B47-9CA5-41A7-813C-FE06AFEF6547,44,3
2556359C-666B-4A08-9842-E1E48B6515CA,2,3
2556359C-666B-4A08-9842-E1E48B6515CA,5,3
2556359C-666B-4A08-9842-E1E48B6515CA,37,3
2556359C-666B-4A08-9842-E1E48B6515CA,49,3
255ED361-14EC-49CA-AEE3-EA321FF831C1,4,0
256ABEA7-2551-4995-AD4C-3E8978DAF59B,33,3
256ABEA7-2551-4995-AD4C-3E8978DAF59B,44,3
2570BEBB-9467-4A6E-9245-E8E0CDBD24AD,2,3
2570BEBB-9467-4A6E-9245-E8E0CDBD24AD,23,3
25A45CA6-6440-4660-A14C-4B61217FE657,89,4
25C49A47-E042-4251-8CAE-D5D2D378D935,6,1
25C49A47-E042-4251-8CAE-D5D2D378D935,13,0
25CF15F6-D6A7-4AC6-9B15-F073AD21BC81,2,2
25CF15F6-D6A7-4AC6-9B15-F073AD21BC81,37,2
25CF15F6-D6A7-4AC6-9B15-F073AD21BC81,69,2
25D34695-7E9D-41CE-A01D-13B85091DD7F,2,1
25D34695-7E9D-41CE-A01D-13B85091DD7F,7,0
25D34695-7E9D-41CE-A01D-13B85091DD7F,8,0
25D34695-7E9D-41CE-A01D-13B85091DD7F,28,0
262B3329-3BB5-4D82-8D3B-5AB595418B3A,20,3
262B3329-3BB5-4D82-8D3B-5AB595418B3A,23,3
262B3329-3BB5-4D82-8D3B-5AB595418B3A,34,3
262B3329-3BB5-4D82-8D3B-5AB595418B3A,41,3
2637CD7D-FF14-4B45-89A6-60E7EDDDC493,4,2
2637CD7D-FF14-4B45-89A6-60E7EDDDC493,17,2
2637CD7D-FF14-4B45-89A6-60E7EDDDC493,22,2
2637CD7D-FF14-4B45-89A6-60E7EDDDC493,25,6
2638c7ef-a67f-4a56-884b-b3575423b3ac,54,4
2638c7ef-a67f-4a56-884b-b3575423b3ac,63,4
2638c7ef-a67f-4a56-884b-b3575423b3ac,92,4
26409FC0-6006-4644-B814-46B469856F53,6,1
26409FC0-6006-4644-B814-46B469856F53,32,0
26409FC0-6006-4644-B814-46B469856F53,45,0
26409FC0-6006-4644-B814-46B469856F53,48,1
26409FC0-6006-4644-B814-46B469856F53,53,1
26409FC0-6006-4644-B814-46B469856F53,54,1
2640DDD6-48AA-4715-AFBE-A4994ECA3D8B,3,3
266D97EF-02C4-4B2C-A066-09B937CFD095,1,3
266D97EF-02C4-4B2C-A066-09B937CFD095,1,3
266D97EF-02C4-4B2C-A066-09B937CFD095,14,3
266D97EF-02C4-4B2C-A066-09B937CFD095,19,3
266D97EF-02C4-4B2C-A066-09B937CFD095,21,3
26BDD0FE-84E9-420E-A55E-37308FCEEF54,12,0
26D3E690-6D23-464A-B70A-3CB06533379C,3,3
26E159AB-DB9D-408F-BD58-260F13759AC3,3,3
26E159AB-DB9D-408F-BD58-260F13759AC3,5,3
26E159AB-DB9D-408F-BD58-260F13759AC3,79,3
2703F2D2-067A-48E1-A021-261FF9673704,18,3
2716a43e-4d96-4c41-b235-3d76d01d04da,17,0
2716a43e-4d96-4c41-b235-3d76d01d04da,24,3
2716a43e-4d96-4c41-b235-3d76d01d04da,59,0
2716a43e-4d96-4c41-b235-3d76d01d04da,128,0
2716a43e-4d96-4c41-b235-3d76d01d04da,166,0
2716a43e-4d96-4c41-b235-3d76d01d04da,194,0
2734b709-ada0-4761-92d4-88860829eed6,14,2
2758FF97-0F94-44A0-8F21-B162634794E3,2,6
2758FF97-0F94-44A0-8F21-B162634794E3,40,2
2758FF97-0F94-44A0-8F21-B162634794E3,46,2
275D4698-630B-499F-A174-69938A1257CC,7,3
2771D552-34D7-46C3-BAE4-19DD2D2BB3AC,39,2
279ABD73-6A7F-4C78-AEEF-0EEF5AE806D0,29,3
27A3AA97-5BCA-479B-8E41-B8429BA1B98D,43,3
27D2EA26-13E6-460C-AE87-8E7E2D12C02A,24,3
27F71722-663F-4C8B-9D4A-61A68AA2240D,2,3
27F71722-663F-4C8B-9D4A-61A68AA2240D,28,3
282375C2-AC5D-44E5-8B3E-57A2F8CF9C26,10,1
282375C2-AC5D-44E5-8B3E-57A2F8CF9C26,11,1
282375C2-AC5D-44E5-8B3E-57A2F8CF9C26,16,0
282375C2-AC5D-44E5-8B3E-57A2F8CF9C26,17,0
282375C2-AC5D-44E5-8B3E-57A2F8CF9C26,22,1
282375C2-AC5D-44E5-8B3E-57A2F8CF9C26,24,6
282375C2-AC5D-44E5-8B3E-57A2F8CF9C26,25,3
282375C2-AC5D-44E5-8B3E-57A2F8CF9C26,30,1
282375C2-AC5D-44E5-8B3E-57A2F8CF9C26,39,1
283EDB0A-C6A9-47DF-82E2-8F63692EC726,8,3
283EDB0A-C6A9-47DF-82E2-8F63692EC726,37,3
286081d4-8ad9-40d5-94be-1af33f0a88cd,1,2
2888D4A1-3452-4B05-A9EE-665B660E311D,2,3
2888D4A1-3452-4B05-A9EE-665B660E311D,5,3
2888D4A1-3452-4B05-A9EE-665B660E311D,15,3
28B27E53-347E-4B55-8D46-AA2A22652C56,11,3
28B27E53-347E-4B55-8D46-AA2A22652C56,53,2
28C1D499-57E1-40C4-91FC-1977C04D2B28,10,3
2921BC5A-74D2-466C-8A14-478D3FF24703,12,2
2921BC5A-74D2-466C-8A14-478D3FF24703,42,0
2935E76A-248A-403E-860E-15A7BEA3DC6E,5,3
2935E76A-248A-403E-860E-15A7BEA3DC6E,19,3
298101B5-6DF2-48B8-81A9-9F55E84EC2F9,13,2
298101B5-6DF2-48B8-81A9-9F55E84EC2F9,16,2
298101B5-6DF2-48B8-81A9-9F55E84EC2F9,101,2
29FD2BDF-C67C-4F50-8E90-CEDAFEAA09FF,4,3
29FD2BDF-C67C-4F50-8E90-CEDAFEAA09FF,11,3
29FD2BDF-C67C-4F50-8E90-CEDAFEAA09FF,16,3
29FD2BDF-C67C-4F50-8E90-CEDAFEAA09FF,39,3
2A5CA6FA-94A8-4E14-A490-06265E5B008C,25,3
2A5CA6FA-94A8-4E14-A490-06265E5B008C,43,3
2A5CA6FA-94A8-4E14-A490-06265E5B008C,47,3
2A64655F-0BE3-42C4-974E-F3352D9C73CD,29,0
2A64655F-0BE3-42C4-974E-F3352D9C73CD,41,0
2A839865-D775-4519-BE10-73B64B6C86C0,10,3
2A839865-D775-4519-BE10-73B64B6C86C0,44,3
2A839865-D775-4519-BE10-73B64B6C86C0,50,3
2A8BE786-3A54-4D25-BC75-FC3DD5ABD278,5,2
2A8BE786-3A54-4D25-BC75-FC3DD5ABD278,46,2
2AB6A587-FF59-442E-84FC-A0178071FD15,37,4
2AB6A587-FF59-442E-84FC-A0178071FD15,41,4
2AB6A587-FF59-442E-84FC-A0178071FD15,58,4
2AB6A587-FF59-442E-84FC-A0178071FD15,62,5
2B3D2A5C-7768-4F0F-B898-8F9A7F361D22,3,3
2B3D2A5C-7768-4F0F-B898-8F9A7F361D22,27,3
2B4258D9-2240-4F0A-AC28-DBD5CC6F5301,37,3
2B4258D9-2240-4F0A-AC28-DBD5CC6F5301,49,3
2B4258D9-2240-4F0A-AC28-DBD5CC6F5301,150,3
2B4A66C6-F819-40A8-B3B0-BA3992442EE8,18,3
2B6219BE-B42A-48A2-BCF4-F6DB7E28EF61,13,1
2B6219BE-B42A-48A2-BCF4-F6DB7E28EF61,22,1
2BBADAD9-E205-4557-90BC-D470D106146A,10,3
2BBADAD9-E205-4557-90BC-D470D106146A,16,3
2BBADAD9-E205-4557-90BC-D470D106146A,30,3
2BC4F057-9C26-4151-BFED-F9B996D8FC13,13,3
2BCBD714-E6A7-4845-AE0E-2D62070C3EA9,2,0
2BD0C243-9C0A-4597-A518-D8C5F002E008,2,2
2C14AD07-2D53-4F72-98F2-FEE382378248,10,3
2C14AD07-2D53-4F72-98F2-FEE382378248,18,3
2C14AD07-2D53-4F72-98F2-FEE382378248,30,3
2C14AD07-2D53-4F72-98F2-FEE382378248,32,3
2C14AD07-2D53-4F72-98F2-FEE382378248,51,2
2C2B5B0A-6EA9-42A0-802D-E4282A16DF52,7,2
2C2B5B0A-6EA9-42A0-802D-E4282A16DF52,35,2
2C2B5B0A-6EA9-42A0-802D-E4282A16DF52,40,2
2C9BBB3B-96C3-4AA4-9739-D71E5FEFD50D,4,3
2C9BBB3B-96C3-4AA4-9739-D71E5FEFD50D,6,3
2CBD3D33-118F-4FA9-82ED-B4FE8A6C3949,2,0
2CBD3D33-118F-4FA9-82ED-B4FE8A6C3949,21,3
2CD03CD8-D7A1-4864-BDE2-5056E8BC2AFB,10,3
2CD03CD8-D7A1-4864-BDE2-5056E8BC2AFB,31,3
2D0698EE-D2ED-4B39-9E8D-B117E544E21C,5,1
2D0698EE-D2ED-4B39-9E8D-B117E544E21C,26,0
2D0698EE-D2ED-4B39-9E8D-B117E544E21C,29,0
2D202991-7597-478F-ACC4-559C9A47ADEE,15,3
2D49C5B9-31EF-4670-BE94-9EBA3BD7C180,3,3
2D49C5B9-31EF-4670-BE94-9EBA3BD7C180,5,3
2D49C5B9-31EF-4670-BE94-9EBA3BD7C180,21,3
2D49C5B9-31EF-4670-BE94-9EBA3BD7C180,35,3
2D585270-633A-4D53-844A-83EE55136424,4,2
2D585270-633A-4D53-844A-83EE55136424,9,2
2D585270-633A-4D53-844A-83EE55136424,24,2
2D585270-633A-4D53-844A-83EE55136424,30,2
2D585270-633A-4D53-844A-83EE55136424,42,2
2d59ffc1-a877-4741-bfa4-4a6034551b98,1,2
2d59ffc1-a877-4741-bfa4-4a6034551b98,21,2
2D688DA1-E5A1-4EC9-AED6-A2DA6719AF54,4,2
2D7AB563-8982-4D90-AB34-C66E6DA28DF6,24,4
2D7AB563-8982-4D90-AB34-C66E6DA28DF6,47,4
2D7AB563-8982-4D90-AB34-C66E6DA28DF6,55,4
2D7AB563-8982-4D90-AB34-C66E6DA28DF6,68,4
2db0c347-c7c9-4e23-9f5a-d1bbdd0d5574,11,2
2db0c347-c7c9-4e23-9f5a-d1bbdd0d5574,42,2
2DCE773C-8915-4A2B-9F31-90CD58B2358D,2,3
2DD7E162-941D-4F18-B3E2-8977CDAF1279,3,4
2DD7E162-941D-4F18-B3E2-8977CDAF1279,7,4
2DEC634B-1FD8-4702-8B55-55747AF79FC4,12,2
2DEC634B-1FD8-4702-8B55-55747AF79FC4,24,2
2E073163-7CA0-4A4A-AE54-0B2FFA600F5C,15,3
2E26BA8D-C8F7-4A51-BF76-BC217D348660,6,3
2E26BA8D-C8F7-4A51-BF76-BC217D348660,17,3
2E26BA8D-C8F7-4A51-BF76-BC217D348660,31,3
2E26BA8D-C8F7-4A51-BF76-BC217D348660,45,3
2e5e1650-136b-4aa8-9fe2-fc0aa1badf02,21,3
2e5e1650-136b-4aa8-9fe2-fc0aa1badf02,41,2
2E7ED2D2-124E-4AA3-BC14-01D998256A12,12,3
2E7ED2D2-124E-4AA3-BC14-01D998256A12,42,3
2E7ED2D2-124E-4AA3-BC14-01D998256A12,48,3
2EA8CE24-DF93-4EAF-9BC6-DB4073C66AC9,45,3
2EA8CE24-DF93-4EAF-9BC6-DB4073C66AC9,68,3
2ED2893A-A63B-4E7B-95AC-4393D6BB6E24,14,0
2F92254C-331D-4480-8BF4-CE3ED70BE647,1,2
2F92254C-331D-4480-8BF4-CE3ED70BE647,21,2
2FA3DF2C-6219-4EF0-A193-56059BEE41FC,3,3
2FA3DF2C-6219-4EF0-A193-56059BEE41FC,19,2
2FDF0EEA-6869-43F1-8BF6-563A835D9A47,18,3
2FDF0EEA-6869-43F1-8BF6-563A835D9A47,65,3
30023407-98C5-48D8-8E1D-7B9C2EFDB5D1,2,1
30023407-98C5-48D8-8E1D-7B9C2EFDB5D1,26,1
3012645D-6B1B-46BC-A4CE-5A4B90F900B8,1,3
3012645D-6B1B-46BC-A4CE-5A4B90F900B8,7,3
3012645D-6B1B-46BC-A4CE-5A4B90F900B8,26,3
3012645D-6B1B-46BC-A4CE-5A4B90F900B8,29,3
302A1337-16E3-45D2-9688-69A0100D63D1,4,2
302A1337-16E3-45D2-9688-69A0100D63D1,10,0
302A1337-16E3-45D2-9688-69A0100D63D1,11,2
302A1337-16E3-45D2-9688-69A0100D63D1,25,2
302A1337-16E3-45D2-9688-69A0100D63D1,36,2
302A1337-16E3-45D2-9688-69A0100D63D1,38,2
302A1337-16E3-45D2-9688-69A0100D63D1,39,0
302A1337-16E3-45D2-9688-69A0100D63D1,45,2
302A1337-16E3-45D2-9688-69A0100D63D1,47,2
302A1337-16E3-45D2-9688-69A0100D63D1,59,2
3080D823-D4EA-4935-822F-628234ACD402,2,3
3080D823-D4EA-4935-822F-628234ACD402,15,0
3080D823-D4EA-4935-822F-628234ACD402,19,0
3080D823-D4EA-4935-822F-628234ACD402,26,0
3080D823-D4EA-4935-822F-628234ACD402,46,0
30A175EB-C275-4030-83F6-6C36CD53B2EB,11,0
30A175EB-C275-4030-83F6-6C36CD53B2EB,47,2
30A175EB-C275-4030-83F6-6C36CD53B2EB,53,2
30AE672F-A8F1-4C02-BA16-36C6C85CC5B8,1,3
30AE672F-A8F1-4C02-BA16-36C6C85CC5B8,3,3
30C04A28-F19E-4699-A2DF-7EF0B797C67E,78,2
30C04A28-F19E-4699-A2DF-7EF0B797C67E,174,2
30ca1e0b-552a-4fd0-855e-675152bad4d5,55,3
30ca1e0b-552a-4fd0-855e-675152bad4d5,64,3
30ca1e0b-552a-4fd0-855e-675152bad4d5,224,3
30ca1e0b-552a-4fd0-855e-675152bad4d5,326,3
30E5B8E0-F015-4199-A91E-E8DCB247ECB5,14,0
30E5B8E0-F015-4199-A91E-E8DCB247ECB5,34,2
30E5B8E0-F015-4199-A91E-E8DCB247ECB5,40,2
3113DB7C-94D6-4C22-BC56-C067169F0EA0,10,3
3113DB7C-94D6-4C22-BC56-C067169F0EA0,25,3
3113DB7C-94D6-4C22-BC56-C067169F0EA0,38,3
311CB8DA-D2F9-4558-8CD1-B7A4686A8982,12,0
313CBCB4-A99E-4FD9-8D20-52ADB508891F,15,2
313CBCB4-A99E-4FD9-8D20-52ADB508891F,23,2
313CBCB4-A99E-4FD9-8D20-52ADB508891F,28,2
3197FF9C-557B-47CB-A870-2A98984A5AAF,8,6
31bc6abf-c233-4aa1-a2a3-587d4cc45e15,3,3
32009C94-9C9F-481F-8D86-97101094E12F,6,3
32009C94-9C9F-481F-8D86-97101094E12F,10,3
3299D715-FC8A-4712-A1E5-6353B0A5AE3D,14,3
3299D715-FC8A-4712-A1E5-6353B0A5AE3D,23,3
32D52011-42E1-4CBE-9828-ED133F6EB3DE,16,3
32E2EEAC-D47E-4046-B7A3-C13201E1F1DA,91,3
330FF3FE-A67B-4405-B97D-D037715B1EA2,22,3
330FF3FE-A67B-4405-B97D-D037715B1EA2,43,3
33132A4B-6ED5-4658-B950-C8590142585D,2,2
33132A4B-6ED5-4658-B950-C8590142585D,3,3
33132A4B-6ED5-4658-B950-C8590142585D,19,3
33132A4B-6ED5-4658-B950-C8590142585D,26,3
33142E68-2D91-445F-8DEC-907C59451FF1,5,3
33142E68-2D91-445F-8DEC-907C59451FF1,15,3
33142E68-2D91-445F-8DEC-907C59451FF1,26,3
332f9e82-eb31-4988-9a54-e9278422dcab,37,2
332f9e82-eb31-4988-9a54-e9278422dcab,49,2
334A6997-CEEE-456C-B9E7-4CFB09BE5CA3,6,3
334A6997-CEEE-456C-B9E7-4CFB09BE5CA3,11,3
334A6997-CEEE-456C-B9E7-4CFB09BE5CA3,36,3
334A6997-CEEE-456C-B9E7-4CFB09BE5CA3,68,3
334A6997-CEEE-456C-B9E7-4CFB09BE5CA3,77,3
334A6997-CEEE-456C-B9E7-4CFB09BE5CA3,81,3
334A6997-CEEE-456C-B9E7-4CFB09BE5CA3,98,3
334A6997-CEEE-456C-B9E7-4CFB09BE5CA3,99,3
334A6997-CEEE-456C-B9E7-4CFB09BE5CA3,101,3
33C14F68-BE39-42DA-BB17-7757446B768A,8,3
33C14F68-BE39-42DA-BB17-7757446B768A,21,3
33C14F68-BE39-42DA-BB17-7757446B768A,35,3
33cbd8ac-953d-4436-bc23-4baeed1d344a,67,2
33cbd8ac-953d-4436-bc23-4baeed1d344a,99,2
33EDC490-6717-4ADD-B886-EC79F9432101,4,3
33EDC490-6717-4ADD-B886-EC79F9432101,10,3
33EDC490-6717-4ADD-B886-EC79F9432101,31,3
33F8740F-BD01-4609-A4F6-E17B05D80082,3,3
33F8740F-BD01-4609-A4F6-E17B05D80082,5,3
33F8740F-BD01-4609-A4F6-E17B05D80082,15,3
340488A4-BD0C-4E11-A4A4-90E53AF41345,28,2
340488A4-BD0C-4E11-A4A4-90E53AF41345,41,2
340F0E65-5F6A-424E-8FEF-7EC3B906B7D4,3,2
340F0E65-5F6A-424E-8FEF-7EC3B906B7D4,8,2
3454A9DB-767F-46F7-A343-D60A5D76B9E7,5,2
3454A9DB-767F-46F7-A343-D60A5D76B9E7,23,2
3454A9DB-767F-46F7-A343-D60A5D76B9E7,56,2
346b1a89-e7bd-4802-83a3-1a7594ecd358,77,2
346b1a89-e7bd-4802-83a3-1a7594ecd358,152,2
348FA9B2-1497-4E15-99DE-C83CE996C89A,10,2
348FA9B2-1497-4E15-99DE-C83CE996C89A,17,2
348FA9B2-1497-4E15-99DE-C83CE996C89A,31,2
348FA9B2-1497-4E15-99DE-C83CE996C89A,50,2
34B58330-369F-4C09-9DAB-B9C12D051B7B,7,3
34B58330-369F-4C09-9DAB-B9C12D051B7B,23,3
34B58330-369F-4C09-9DAB-B9C12D051B7B,37,3
34B58330-369F-4C09-9DAB-B9C12D051B7B,56,3
34B58330-369F-4C09-9DAB-B9C12D051B7B,57,3
34B58330-369F-4C09-9DAB-B9C12D051B7B,74,3
34F54E1E-5B67-42FC-8CBF-0BA65D44A0C5,7,1
34F54E1E-5B67-42FC-8CBF-0BA65D44A0C5,21,2
34F54E1E-5B67-42FC-8CBF-0BA65D44A0C5,27,1
34F54E1E-5B67-42FC-8CBF-0BA65D44A0C5,29,1
34F54E1E-5B67-42FC-8CBF-0BA65D44A0C5,34,1
34F54E1E-5B67-42FC-8CBF-0BA65D44A0C5,35,1
34F54E1E-5B67-42FC-8CBF-0BA65D44A0C5,40,1
350A3823-DE5D-4CAB-9786-33238B84005E,15,3
350A3823-DE5D-4CAB-9786-33238B84005E,19,3
350A3823-DE5D-4CAB-9786-33238B84005E,26,3
350A3823-DE5D-4CAB-9786-33238B84005E,29,3
350A3823-DE5D-4CAB-9786-33238B84005E,34,3
350A3823-DE5D-4CAB-9786-33238B84005E,40,3
350A3823-DE5D-4CAB-9786-33238B84005E,56,3
35650907-4f0b-45a8-b904-695db2b40b07,59,1
35650907-4f0b-45a8-b904-695db2b40b07,67,0
35650907-4f0b-45a8-b904-695db2b40b07,72,0
35650907-4f0b-45a8-b904-695db2b40b07,77,6
358035C2-8492-4418-82D9-F4BB0207101A,47,2
358035C2-8492-4418-82D9-F4BB0207101A,51,2
35F48391-9FAD-4105-8F2A-AB554F85921C,11,3
36031565-8CCB-440E-A0C5-9D875C219697,6,3
36031565-8CCB-440E-A0C5-9D875C219697,18,3
36031565-8CCB-440E-A0C5-9D875C219697,22,3
36031565-8CCB-440E-A0C5-9D875C219697,25,3
36031565-8CCB-440E-A0C5-9D875C219697,39,3
36031565-8CCB-440E-A0C5-9D875C219697,42,3
36031565-8CCB-440E-A0C5-9D875C219697,47,3
36391E63-B5CE-44CB-8E68-F237970F9C0D,1,3
36391E63-B5CE-44CB-8E68-F237970F9C0D,21,2
36391E63-B5CE-44CB-8E68-F237970F9C0D,34,3
367A3F77-E985-40A8-BEF7-6C8F09358C35,3,1
367A3F77-E985-40A8-BEF7-6C8F09358C35,5,3
367A3F77-E985-40A8-BEF7-6C8F09358C35,8,1
367A3F77-E985-40A8-BEF7-6C8F09358C35,19,1
367A3F77-E985-40A8-BEF7-6C8F09358C35,20,1
367A3F77-E985-40A8-BEF7-6C8F09358C35,21,1
367A3F77-E985-40A8-BEF7-6C8F09358C35,23,1
367A3F77-E985-40A8-BEF7-6C8F09358C35,28,1
367A3F77-E985-40A8-BEF7-6C8F09358C35,29,1
36AB4F18-3C4C-4AE7-B6C2-DFFCAEA87800,7,6
36AB4F18-3C4C-4AE7-B6C2-DFFCAEA87800,15,6
36AB4F18-3C4C-4AE7-B6C2-DFFCAEA87800,41,6
36AB4F18-3C4C-4AE7-B6C2-DFFCAEA87800,46,6
36AB4F18-3C4C-4AE7-B6C2-DFFCAEA87800,56,6
36DED00A-6AD6-462D-A0A4-13733995A17C,23,3
36ea2b7a-7ad7-4fba-a4b3-1de6bdb032cb,108,2
36ea2b7a-7ad7-4fba-a4b3-1de6bdb032cb,167,2
37208C63-BF11-4222-8733-5E2056657E6E,100,3
3744B6A5-EE3E-4DD5-8CAB-49A8BE059E6D,20,0
3744B6A5-EE3E-4DD5-8CAB-49A8BE059E6D,40,0
3767982F-B37B-4A4B-BE08-6F0BFB1B5DD0,43,3
3767982F-B37B-4A4B-BE08-6F0BFB1B5DD0,54,3
37847061-0a5d-460f-aef1-ee76c46f7cb8,45,3
37847061-0a5d-460f-aef1-ee76c46f7cb8,65,3
37847061-0a5d-460f-aef1-ee76c46f7cb8,77,3
37847061-0a5d-460f-aef1-ee76c46f7cb8,113,3
37910F60-F806-4111-A731-9B2E06CCDC2F,6,2
37919DDB-1CEA-432C-B0B4-D5D15BC1D220,11,3
37ABC1F5-E0EF-4AAF-9DBE-05AAF5E490DD,6,3
37ABC1F5-E0EF-4AAF-9DBE-05AAF5E490DD,12,3
37ABC1F5-E0EF-4AAF-9DBE-05AAF5E490DD,18,3
37ABC1F5-E0EF-4AAF-9DBE-05AAF5E490DD,31,3
37B46A01-2235-46C2-9114-9F009C1C40ED,2,3
37B46A01-2235-46C2-9114-9F009C1C40ED,7,3
37B46A01-2235-46C2-9114-9F009C1C40ED,14,3
37B46A01-2235-46C2-9114-9F009C1C40ED,29,3
37B46A01-2235-46C2-9114-9F009C1C40ED,49,3
38141DBD-3DF5-4517-95CA-BF05A4656E0D,14,3
38141DBD-3DF5-4517-95CA-BF05A4656E0D,35,3
38529822-64dd-4225-8838-3990a57401fe,1,2
3854BB6E-EC90-44C2-BE38-17100446BDC1,1,3
38c6297d-2e34-4954-95c2-7c0960d8fa20,92,3
3969C87A-2B77-4999-A585-B5183232331D,18,6
3979E7E7-3DAF-4E61-87E2-4CAB8331D045,4,3
3979E7E7-3DAF-4E61-87E2-4CAB8331D045,50,3
39803967-0BF5-4C77-96CD-9D7176E947C4,11,3
39803967-0BF5-4C77-96CD-9D7176E947C4,18,3
39803967-0BF5-4C77-96CD-9D7176E947C4,24,3
39803967-0BF5-4C77-96CD-9D7176E947C4,38,3
39803967-0BF5-4C77-96CD-9D7176E947C4,45,3
39803967-0BF5-4C77-96CD-9D7176E947C4,50,3
3991F8DB-FF7F-47F0-B970-C2ED22F23056,36,3
39D5F879-4D12-4B3E-933A-445A82756038,7,2
3A094874-30CC-4A9C-A809-415F872E102F,3,3
3A947711-8935-4370-95EA-52F67F7BD415,6,3
3AA1159C-9B26-4EF8-8937-85B62A2B3C9D,2,1
3AA1159C-9B26-4EF8-8937-85B62A2B3C9D,3,1
3AA1159C-9B26-4EF8-8937-85B62A2B3C9D,5,1
3AA1159C-9B26-4EF8-8937-85B62A2B3C9D,8,1
3AA1159C-9B26-4EF8-8937-85B62A2B3C9D,29,1
3AA1159C-9B26-4EF8-8937-85B62A2B3C9D,35,1
3aa90e60-50e4-42f4-b9ec-d08041b32ae0,1,3
3aa90e60-50e4-42f4-b9ec-d08041b32ae0,5,3
3aa90e60-50e4-42f4-b9ec-d08041b32ae0,15,3
3aba074e-be14-4ea5-81a2-2e43186e0614,43,3
3ABFAE0B-D8AB-40A5-9F07-C20FECB35A27,13,3
3ABFAE0B-D8AB-40A5-9F07-C20FECB35A27,33,3
3ABFAE0B-D8AB-40A5-9F07-C20FECB35A27,39,3
3ABFAE0B-D8AB-40A5-9F07-C20FECB35A27,42,3
3af442b7-7295-4208-8bfa-fb37485fa83c,1,3
3af442b7-7295-4208-8bfa-fb37485fa83c,15,3
3af442b7-7295-4208-8bfa-fb37485fa83c,23,3
3af442b7-7295-4208-8bfa-fb37485fa83c,34,2
3b288f91-560c-4fc4-8daa-0fa7ccd4d888,1,2
3b288f91-560c-4fc4-8daa-0fa7ccd4d888,88,2
3b62e530-d3f6-47b1-9a43-f95ba9a1fe0b,20,2
3b62e530-d3f6-47b1-9a43-f95ba9a1fe0b,29,2
3B770731-DC2F-4832-B14C-893C3FFFE447,4,3
3B770731-DC2F-4832-B14C-893C3FFFE447,31,3
3B770731-DC2F-4832-B14C-893C3FFFE447,44,3
3B95B102-ED64-42F0-AD81-4B5A4185F692,28,2
3B95B6C5-0F72-4C59-A345-24FF70BCAD4F,38,3
3B95B6C5-0F72-4C59-A345-24FF70BCAD4F,68,3
3BD60DEB-83FB-4B73-815F-448ED9BDC015,4,3
3BD60DEB-83FB-4B73-815F-448ED9BDC015,9,3
3BD60DEB-83FB-4B73-815F-448ED9BDC015,12,3
3BD60DEB-83FB-4B73-815F-448ED9BDC015,43,3
3BD60DEB-83FB-4B73-815F-448ED9BDC015,51,3
3BD6C51A-91DE-4C72-8990-B44AC796263D,37,3
3C0ABB6C-E74A-48D3-A5B3-7F7EF8A9F703,23,3
3C2A16CF-55E1-47F9-9519-BAA19F23667A,6,2
3C2A16CF-55E1-47F9-9519-BAA19F23667A,10,2
3C2A16CF-55E1-47F9-9519-BAA19F23667A,22,2
3C2A16CF-55E1-47F9-9519-BAA19F23667A,36,2
3C2A16CF-55E1-47F9-9519-BAA19F23667A,45,2
3CA1CD17-BC02-4C62-A6D4-18B54C5358ED,10,3
3CBF6ACC-D6AD-47DD-9D90-7EC1454EEE25,14,3
3CBF6ACC-D6AD-47DD-9D90-7EC1454EEE25,49,0
3CCF809F-1552-41D0-BDF3-6113F8D908A5,6,2
3CCF809F-1552-41D0-BDF3-6113F8D908A5,11,2
3CCF809F-1552-41D0-BDF3-6113F8D908A5,24,2
3CE0BA7E-B1E4-4A05-890F-67F7D5FD67FB,84,4
3D04A1E3-428E-4D4B-829B-669277E6C366,4,2
3D04A1E3-428E-4D4B-829B-669277E6C366,16,2
3D2C6469-72CB-488D-A27A-ACCAE12198DE,18,2
3D58289F-2768-4CC7-8C34-9E4B9E8E93E8,36,3
3D594C0C-BBEE-42ED-80A2-E952556707D7,2,0
3D594C0C-BBEE-42ED-80A2-E952556707D7,7,0
3D594C0C-BBEE-42ED-80A2-E952556707D7,19,2
3D594C0C-BBEE-42ED-80A2-E952556707D7,58,0
3D594C0C-BBEE-42ED-80A2-E952556707D7,79,0
3D79B869-B717-4320-B49F-0157335C570A,6,3
3DB2361E-7A82-4519-80BF-7F67D1C16B8C,26,0
3DC8FCD2-2B4A-4431-86B2-00479049BAB6,8,0
3DF4EBBE-D6F9-408A-82B9-B1BFE03E9278,6,3
3DF4EBBE-D6F9-408A-82B9-B1BFE03E9278,11,3
3DF4EBBE-D6F9-408A-82B9-B1BFE03E9278,18,3
3DF4EBBE-D6F9-408A-82B9-B1BFE03E9278,31,3
3DFB3508-C3B7-4212-A0A5-2FA59A286DD5,12,3
3DFB3508-C3B7-4212-A0A5-2FA59A286DD5,16,3
3DFD95E4-2502-4724-93CF-7D80F9FE9F6F,2,2
3DFD95E4-2502-4724-93CF-7D80F9FE9F6F,15,2
3DFD95E4-2502-4724-93CF-7D80F9FE9F6F,60,2
3E049081-8EE3-4313-9710-B986CC53F89F,5,2
3E049081-8EE3-4313-9710-B986CC53F89F,7,2
3E049081-8EE3-4313-9710-B986CC53F89F,14,2
3E088F24-6178-424A-9E2E-910AA0B0A77A,4,3
3E088F24-6178-424A-9E2E-910AA0B0A77A,6,3
3E088F24-6178-424A-9E2E-910AA0B0A77A,10,3
3E088F24-6178-424A-9E2E-910AA0B0A77A,11,3
3E088F24-6178-424A-9E2E-910AA0B0A77A,12,3
3E088F24-6178-424A-9E2E-910AA0B0A77A,13,3
3E088F24-6178-424A-9E2E-910AA0B0A77A,24,3
3E2A307C-E6A7-4EA8-A913-D8B5FFCC3F76,14,3
3E2A307C-E6A7-4EA8-A913-D8B5FFCC3F76,23,3
3E2A307C-E6A7-4EA8-A913-D8B5FFCC3F76,37,3
3e720a00-f261-45de-b9c8-de6f62879c89,5,2
3e720a00-f261-45de-b9c8-de6f62879c89,49,2
3EABA074-B697-422C-A873-0CA41037438C,60,3
3ED51E23-1B22-46C9-BDC1-9808F1939FDB,19,3
3ee50b8b-5f2a-4ffc-b9a6-a826b462b784,16,3
3ee50b8b-5f2a-4ffc-b9a6-a826b462b784,39,3
3F3A7D16-EF30-4F7A-B9A1-019BC0F95CC9,2,2
3F3D4BAB-32CE-42A7-8290-9B811A9C36D8,22,2
3F3D4BAB-32CE-42A7-8290-9B811A9C36D8,30,2
3F52225F-440E-45C2-9DFF-13088EF74649,4,2
3F52225F-440E-45C2-9DFF-13088EF74649,10,3
3f5b36bc-8b02-466e-98d1-b91690cb6c13,2,1
3f5b36bc-8b02-466e-98d1-b91690cb6c13,34,1
3FB75CAF-9342-48B6-93A8-60EE51AB161D,2,3
3FB75CAF-9342-48B6-93A8-60EE51AB161D,8,3
3FB75CAF-9342-48B6-93A8-60EE51AB161D,23,3
3FBAA208-83FB-4BC6-A927-EB1D858C7DE9,8,0
3FBAA208-83FB-4BC6-A927-EB1D858C7DE9,14,0
3FBAA208-83FB-4BC6-A927-EB1D858C7DE9,15,0
3FBAA208-83FB-4BC6-A927-EB1D858C7DE9,20,0
3FBAA208-83FB-4BC6-A927-EB1D858C7DE9,21,0
3FBAA208-83FB-4BC6-A927-EB1D858C7DE9,23,2
3FBAA208-83FB-4BC6-A927-EB1D858C7DE9,34,0
3FBAA208-83FB-4BC6-A927-EB1D858C7DE9,35,0
3fc0bc28-ec86-4259-addc-7513268a12b4,12,2
3fc0bc28-ec86-4259-addc-7513268a12b4,99,2
3FCECB8E-7416-4D26-8AF1-9E17B225B854,61,2
3FDBCA92-D256-4C11-9043-3FDA7246562C,81,3
3FDD2B00-9A9E-49C2-B79F-E0ABE084D28F,16,3
3FE3F7A9-77C1-48E5-A09E-55C6DA04520F,2,3
4000C187-E5FF-41C5-B402-7A2F3EAF4B24,160,2
401A2846-EAB1-40E2-ACC7-3AD5F30EF4F3,4,3
4061BDF1-3624-48F1-82DE-F3BB70AE7AED,3,2
4061BDF1-3624-48F1-82DE-F3BB70AE7AED,29,2
40959B1D-148B-42AA-90C1-0E66133A7415,4,0
40959B1D-148B-42AA-90C1-0E66133A7415,31,3
40959B1D-148B-42AA-90C1-0E66133A7415,33,0
40959B1D-148B-42AA-90C1-0E66133A7415,42,3
40959B1D-148B-42AA-90C1-0E66133A7415,43,0
40A6D0E5-733B-4559-8902-0AE4C2C54FB3,10,3
40CA36FE-DE37-42DE-9771-9F3DF61658FB,13,3
40CA36FE-DE37-42DE-9771-9F3DF61658FB,30,3
40CF08ED-60FA-4554-8FB2-8EA67074BF04,41,3
40D9712F-675F-4BCE-AD1D-0650C6997B85,4,0
40fa00c8-7c08-47c7-9d47-fd5dd3af96fe,1,4
40fa00c8-7c08-47c7-9d47-fd5dd3af96fe,62,4
40fa00c8-7c08-47c7-9d47-fd5dd3af96fe,75,2
411a51d0-bdbb-4755-a579-f99418b2fdea,2,3
411a51d0-bdbb-4755-a579-f99418b2fdea,60,3
411a51d0-bdbb-4755-a579-f99418b2fdea,156,2
41475499-E544-4301-8DCA-7B6534E747AF,12,3
41475499-E544-4301-8DCA-7B6534E747AF,25,3
41475499-E544-4301-8DCA-7B6534E747AF,48,3
415B6B24-1D84-440C-9980-11036FD6F67C,2,2
415B6B24-1D84-440C-9980-11036FD6F67C,8,2
415E62BA-73E3-4CA2-81EE-ECD7F1807313,25,2
415E62BA-73E3-4CA2-81EE-ECD7F1807313,50,2
415E62BA-73E3-4CA2-81EE-ECD7F1807313,54,3
41777F5C-A6D2-4623-844E-8FA73FEFA389,25,3
41785E4B-2A1C-48EC-ABFF-947AE81BD430,4,2
41D2CE8F-C889-48D5-BFA8-8FD93DB34667,10,2
41D2CE8F-C889-48D5-BFA8-8FD93DB34667,16,3
41D2CE8F-C889-48D5-BFA8-8FD93DB34667,18,2
41D9D7C1-47AC-4DBB-834E-99C24D04F7FD,2,3
41D9D7C1-47AC-4DBB-834E-99C24D04F7FD,8,3
41DDFB91-F481-4A57-B75F-0C8D4BD8A184,2,3
41DDFB91-F481-4A57-B75F-0C8D4BD8A184,21,3
41E476B0-E65A-4054-9AE8-406DE5041894,24,1
41E476B0-E65A-4054-9AE8-406DE5041894,31,0
41EB2411-276F-4FF4-A7AD-FEC75CD7234D,27,2
41EB2411-276F-4FF4-A7AD-FEC75CD7234D,37,2
423a780e-dad8-4c4e-8e21-dc0420cb1002,28,3
424528D0-4F4D-4925-B339-DE8DFB122FAD,18,3
4278D597-7495-44BF-9021-490031560358,15,2
4278D597-7495-44BF-9021-490031560358,20,2
4278D597-7495-44BF-9021-490031560358,27,6
4278D597-7495-44BF-9021-490031560358,34,2
42839DB9-0BD5-4930-8556-F3123A933539,4,3
42839DB9-0BD5-4930-8556-F3123A933539,30,3
42839DB9-0BD5-4930-8556-F3123A933539,33,3
42C2B3D9-012D-44E9-B8FF-BB4CE153B1BD,15,3
42C2B3D9-012D-44E9-B8FF-BB4CE153B1BD,23,3
42C2B3D9-012D-44E9-B8FF-BB4CE153B1BD,26,0
42C2B3D9-012D-44E9-B8FF-BB4CE153B1BD,41,3
43011df9-06fb-4923-b116-7c61a73559c3,25,3
43011df9-06fb-4923-b116-7c61a73559c3,68,2
43011df9-06fb-4923-b116-7c61a73559c3,86,3
43011df9-06fb-4923-b116-7c61a73559c3,121,2
433AFCEE-71DE-414F-9868-99A1D8192962,9,2
433AFCEE-71DE-414F-9868-99A1D8192962,17,2
433AFCEE-71DE-414F-9868-99A1D8192962,22,2
433AFCEE-71DE-414F-9868-99A1D8192962,38,2
433AFCEE-71DE-414F-9868-99A1D8192962,51,2
433AFCEE-71DE-414F-9868-99A1D8192962,66,2
43540bcc-9fda-4946-bd51-76a9cf240551,1,3
4378DC3E-3552-477D-986D-4D9168D77F6C,18,3
4378DC3E-3552-477D-986D-4D9168D77F6C,24,3
4378DC3E-3552-477D-986D-4D9168D77F6C,32,3
4378DC3E-3552-477D-986D-4D9168D77F6C,38,3
4378DC3E-3552-477D-986D-4D9168D77F6C,47,3
4378DC3E-3552-477D-986D-4D9168D77F6C,48,3
4378DC3E-3552-477D-986D-4D9168D77F6C,53,3
43874A92-11FE-4A47-894C-887F842D9A90,30,3
438F36D6-77D8-408D-85C0-342F1BEC3A09,20,3
438F36D6-77D8-408D-85C0-342F1BEC3A09,28,3
43E0E2E8-E951-40AB-AB55-B26F67AF2647,7,2
441B76BF-302F-49A2-ACCF-7F1FC89AB1F6,2,0
441B76BF-302F-49A2-ACCF-7F1FC89AB1F6,58,0
44259D13-6BD8-45AE-9A18-7AD9F4B01A46,4,2
4443E40D-C977-4151-AF07-48B5A339122F,32,3
4443E40D-C977-4151-AF07-48B5A339122F,59,3
4443E40D-C977-4151-AF07-48B5A339122F,68,3
445D8AA5-F3DB-425C-A6AC-F3400761B68C,32,3
445D8AA5-F3DB-425C-A6AC-F3400761B68C,38,3
44A31835-684C-4EB1-B5E8-2A142B04D1DE,8,2
44A31835-684C-4EB1-B5E8-2A142B04D1DE,19,2
44A31835-684C-4EB1-B5E8-2A142B04D1DE,35,2
44BF48BD-7950-462D-9D45-70866DBE5C09,13,1
44BF48BD-7950-462D-9D45-70866DBE5C09,18,1
44BF48BD-7950-462D-9D45-70866DBE5C09,36,2
4504D2E3-CD73-419F-A3C2-07AFC782886A,14,4
4504D2E3-CD73-419F-A3C2-07AFC782886A,19,4
4504D2E3-CD73-419F-A3C2-07AFC782886A,28,4
451174cd-5411-4ed1-9f8f-fb8727f5574c,1,6
451174cd-5411-4ed1-9f8f-fb8727f5574c,5,6
451551F2-1FAA-4827-B7A1-FF9CDE60C6A6,3,3
451551F2-1FAA-4827-B7A1-FF9CDE60C6A6,5,3
4515bf9c-2695-4941-a6a4-eedacf43c1af,7,3
4515bf9c-2695-4941-a6a4-eedacf43c1af,27,3
4536D661-4EB9-4230-BACF-94F4985D1DBF,39,3
455623E1-D95D-47E2-A227-CD7B571319BC,2,2
455623E1-D95D-47E2-A227-CD7B571319BC,20,2
455623E1-D95D-47E2-A227-CD7B571319BC,35,0
4559B41A-55B4-4DDB-9B57-E3DE76D70803,4,3
4559B41A-55B4-4DDB-9B57-E3DE76D70803,6,3
4559B41A-55B4-4DDB-9B57-E3DE76D70803,16,3
45756544-7F73-483A-B292-DF88FE74EBCA,2,3
45756544-7F73-483A-B292-DF88FE74EBCA,41,3
458DBEDA-6225-4427-83AE-A694FA46EF38,32,3
45aed366-eb28-4f39-82a3-54f814341cdb,15,3
45B3FFC0-DA50-416F-8FB5-52F84312EAE2,36,0
45B3FFC0-DA50-416F-8FB5-52F84312EAE2,42,3
45D68EC3-79F4-4299-AAD6-D970C2DD34CA,18,2
45E35FC0-FFD9-41C0-BBB1-681656A80D0D,42,2
45E82A83-3B0D-4A62-BC09-3A7D09F4EE23,37,4
46186094-57C5-458C-8562-927E4D8FCDC2,4,2
46186094-57C5-458C-8562-927E4D8FCDC2,11,2
46186094-57C5-458C-8562-927E4D8FCDC2,16,2
46186094-57C5-458C-8562-927E4D8FCDC2,25,2
46186094-57C5-458C-8562-927E4D8FCDC2,33,2
461C8057-DE3D-420B-8A12-609A20F98F1A,11,3
461C8057-DE3D-420B-8A12-609A20F98F1A,16,3
46278002-AE94-43DC-8449-FC09B47029B1,5,3
46278002-AE94-43DC-8449-FC09B47029B1,8,3
46278002-AE94-43DC-8449-FC09B47029B1,34,3
4647AB41-ED92-4049-93B8-1DED00002C32,2,3
466226A2-8EBC-45CE-92CF-3D9A802D0A7E,1,0
466226A2-8EBC-45CE-92CF-3D9A802D0A7E,2,2
466226A2-8EBC-45CE-92CF-3D9A802D0A7E,3,0
466226A2-8EBC-45CE-92CF-3D9A802D0A7E,8,0
466226A2-8EBC-45CE-92CF-3D9A802D0A7E,34,3
466226A2-8EBC-45CE-92CF-3D9A802D0A7E,40,3
466226A2-8EBC-45CE-92CF-3D9A802D0A7E,46,3
46632048-E5CC-4901-BDA2-D6F2B554AB97,3,2
46632048-E5CC-4901-BDA2-D6F2B554AB97,5,2
46632048-E5CC-4901-BDA2-D6F2B554AB97,20,2
466825C7-1BE5-4FA4-9AB2-8DDF4C5E95BC,67,2
4697BBAB-CE02-4322-B9A0-D6C7CF02D46B,1,3
4697BBAB-CE02-4322-B9A0-D6C7CF02D46B,27,3
4697BBAB-CE02-4322-B9A0-D6C7CF02D46B,41,3
46F68CBF-6360-4504-9F0D-07DB0FF21ABB,19,3
46F68CBF-6360-4504-9F0D-07DB0FF21ABB,49,3
46FDCDD6-1745-458A-B80D-8D806E04345C,34,3
46FDCDD6-1745-458A-B80D-8D806E04345C,57,3
47246827-0F08-4C92-917A-94CE7DCC838B,5,3
47246827-0F08-4C92-917A-94CE7DCC838B,20,3
47246827-0F08-4C92-917A-94CE7DCC838B,26,3
473EA202-460F-4791-AA3C-AFC7CCE2FB74,14,3
473EA202-460F-4791-AA3C-AFC7CCE2FB74,41,3
4750A5E7-5C72-4899-8F2F-DF498D384866,1,3
4750A5E7-5C72-4899-8F2F-DF498D384866,3,3
4750A5E7-5C72-4899-8F2F-DF498D384866,8,3
4750A5E7-5C72-4899-8F2F-DF498D384866,20,3
4750A5E7-5C72-4899-8F2F-DF498D384866,27,3
4750A5E7-5C72-4899-8F2F-DF498D384866,29,3
4750A5E7-5C72-4899-8F2F-DF498D384866,34,3
47568CD7-7A73-43CC-8207-4717A0691C00,7,2
47568CD7-7A73-43CC-8207-4717A0691C00,34,6
4757A9BD-C413-4991-B502-C7E20C9A0B67,23,4
4757A9BD-C413-4991-B502-C7E20C9A0B67,28,4
4757A9BD-C413-4991-B502-C7E20C9A0B67,49,4
476a6f47-0f7a-4514-8b22-10821d1b5576,75,3
47936703-85A9-4F99-9EA4-0A39EDE91AAA,9,3
47936703-85A9-4F99-9EA4-0A39EDE91AAA,30,3
47936703-85A9-4F99-9EA4-0A39EDE91AAA,45,3
47936703-85A9-4F99-9EA4-0A39EDE91AAA,50,3
47936703-85A9-4F99-9EA4-0A39EDE91AAA,81,3
47B31A2F-8266-4E10-8B79-2EDD06096B00,12,3
47B31A2F-8266-4E10-8B79-2EDD06096B00,18,3
47B31A2F-8266-4E10-8B79-2EDD06096B00,31,3
483ED684-D7B8-40C7-B3FF-C5AD3A7B9A5F,40,3
4840ae01-fa4e-47a8-9806-b6606e9979f8,2,3
4840ae01-fa4e-47a8-9806-b6606e9979f8,19,3
4840ae01-fa4e-47a8-9806-b6606e9979f8,73,3
4845CB0A-7349-49E1-921B-7864055FF43F,30,3
4845CB0A-7349-49E1-921B-7864055FF43F,33,2
484D7F09-E275-4356-A3D5-C5680CA934ED,4,3
484D7F09-E275-4356-A3D5-C5680CA934ED,9,0
484D7F09-E275-4356-A3D5-C5680CA934ED,39,3
4851CB61-02DD-47DE-8D5C-236FA8719983,179,3
4851CB61-02DD-47DE-8D5C-236FA8719983,190,3
485E47FD-E617-437C-9A73-A404ED40AAAE,10,2
485E47FD-E617-437C-9A73-A404ED40AAAE,24,2
487E96E5-93E2-451A-8C2C-1E8E5294E1AA,4,1
487E96E5-93E2-451A-8C2C-1E8E5294E1AA,12,1
487E96E5-93E2-451A-8C2C-1E8E5294E1AA,30,1
487E96E5-93E2-451A-8C2C-1E8E5294E1AA,33,1
48961F88-A624-418A-8063-AE3DD3577C6D,5,2
48B20639-DCE4-49B5-B08C-795EA9106CFC,81,3
48B20639-DCE4-49B5-B08C-795EA9106CFC,100,3
48B650E5-F423-4B43-84CC-40BF402CE12E,8,4
48c5f475-fd97-4b4d-82fc-7f2cc5bfd942,11,3
48c5f475-fd97-4b4d-82fc-7f2cc5bfd942,65,3
48c5f475-fd97-4b4d-82fc-7f2cc5bfd942,115,3
48c5f475-fd97-4b4d-82fc-7f2cc5bfd942,148,3
48DF4FEC-5441-4E6E-9618-40E2D3F784D4,29,3
49033DEA-2638-4A75-B745-B670527B763D,1,1
490A3284-DA59-4F8F-AB05-74C3DD8A2512,56,3
490A3284-DA59-4F8F-AB05-74C3DD8A2512,292,3
493921DC-2658-4A13-ADA0-F4B618C64B44,1,3
493921DC-2658-4A13-ADA0-F4B618C64B44,20,2
495B36F8-4587-4EE8-A73D-D27E7D25851E,4,2
495B36F8-4587-4EE8-A73D-D27E7D25851E,6,0
495B36F8-4587-4EE8-A73D-D27E7D25851E,16,2
495B36F8-4587-4EE8-A73D-D27E7D25851E,22,0
495B36F8-4587-4EE8-A73D-D27E7D25851E,30,2
495B36F8-4587-4EE8-A73D-D27E7D25851E,38,2
4994AA4F-AAE9-436F-A358-C5C31009B823,6,3
49AECFCD-D58C-41C3-8506-4237FE8759F5,6,2
49AECFCD-D58C-41C3-8506-4237FE8759F5,16,3
49AECFCD-D58C-41C3-8506-4237FE8759F5,45,3
49EC9085-20CF-4F5B-8ECC-1A5C863A72E8,33,2
49EC9085-20CF-4F5B-8ECC-1A5C863A72E8,47,2
49EC9085-20CF-4F5B-8ECC-1A5C863A72E8,53,2
4A007136-C9C7-4279-85B8-F063A09D0BF3,9,2
4A007136-C9C7-4279-85B8-F063A09D0BF3,38,2
4A007136-C9C7-4279-85B8-F063A09D0BF3,38,2
4A007136-C9C7-4279-85B8-F063A09D0BF3,44,2
4A007136-C9C7-4279-85B8-F063A09D0BF3,53,2
4a21efb9-b200-495e-adc8-ce462a6136bc,1,
4A462DB3-F7D5-4786-A4AE-DCA27A5B860C,13,3
4A57A068-DF8E-43C9-B019-BFDDD330107C,31,3
4A57A068-DF8E-43C9-B019-BFDDD330107C,72,3
4A7BF8D2-6B0C-453F-A635-20DC02A80710,32,3
4A8CAB91-2461-4F0B-B536-D873D0C9F08F,1,3
4AA1E9A1-B35F-44FD-BACD-23FCEF7253E1,12,0
4AA1E9A1-B35F-44FD-BACD-23FCEF7253E1,17,2
4AACF123-5B53-4BC9-9446-E5D7DED030A7,4,3
4AACF123-5B53-4BC9-9446-E5D7DED030A7,11,3
4ACCAD7C-0465-4633-9B2F-DADAD8884970,11,3
4ACCAD7C-0465-4633-9B2F-DADAD8884970,18,3
4AF4E21B-4B00-465E-9A07-A6C4A790C347,2,2
4AF4E21B-4B00-465E-9A07-A6C4A790C347,29,2
4AF4E21B-4B00-465E-9A07-A6C4A790C347,41,2
4AF4E21B-4B00-465E-9A07-A6C4A790C347,58,0
4B347715-21C8-4048-AB85-2FDFC0EEB57C,39,2
4B8340C3-2364-4835-AB88-B1F30EE43836,59,3
4B8340C3-2364-4835-AB88-B1F30EE43836,68,3
4B8340C3-2364-4835-AB88-B1F30EE43836,97,0
4BDB4766-9D46-49A1-A942-727F78304F11,2,1
4BDB4766-9D46-49A1-A942-727F78304F11,15,0
4BF82382-8019-45F1-B621-74F2FF5F1376,3,3
4C80E4B3-F75F-45D3-B65E-F4E6D9E8BC8B,6,3
4C14CF19-066D-40C7-B37D-CB226404B43D,7,3
4C14CF19-066D-40C7-B37D-CB226404B43D,19,3
4C14CF19-066D-40C7-B37D-CB226404B43D,20,3
4C14CF19-066D-40C7-B37D-CB226404B43D,21,3
4C14CF19-066D-40C7-B37D-CB226404B43D,28,3
4C14CF19-066D-40C7-B37D-CB226404B43D,40,3
4C2354B7-FA7B-4024-9EDE-971991A05D54,10,3
4C2354B7-FA7B-4024-9EDE-971991A05D54,13,3
4C2354B7-FA7B-4024-9EDE-971991A05D54,17,3
4C2354B7-FA7B-4024-9EDE-971991A05D54,32,3
4C47200C-7756-4FD1-86BF-BFD6BB55DBD4,35,3
4C67EC85-76EE-47B6-9D41-5287530E0AEE,36,3
4C80E4B3-F75F-45D3-B65E-F4E6D9E8BC8B,12,3
4C80E4B3-F75F-45D3-B65E-F4E6D9E8BC8B,18,3
4C80E4B3-F75F-45D3-B65E-F4E6D9E8BC8B,31,3
4C80E4B3-F75F-45D3-B65E-F4E6D9E8BC8B,33,0
4C80E4B3-F75F-45D3-B65E-F4E6D9E8BC8B,36,3
4C80E4B3-F75F-45D3-B65E-F4E6D9E8BC8B,38,3
4cabe2d2-cf81-4365-bf21-600bbad7af68,40,2
4cabe2d2-cf81-4365-bf21-600bbad7af68,56,2
4ceece31-2c27-4521-bb75-92cad0f00de8,9,3
4D07E67B-EFCF-4E96-A1A8-69CB7359EE57,6,2
4D07E67B-EFCF-4E96-A1A8-69CB7359EE57,43,3
4D07E67B-EFCF-4E96-A1A8-69CB7359EE57,45,3
4D07E67B-EFCF-4E96-A1A8-69CB7359EE57,72,2
4D07E67B-EFCF-4E96-A1A8-69CB7359EE57,147,3
4D10CDF4-7F05-4D52-BD43-5696403FEECF,25,2
4D3091E2-330A-44C4-95D6-3C607685448F,1,3
4D3091E2-330A-44C4-95D6-3C607685448F,7,3
4D5E5A9F-9DB1-41AF-8A4F-75A4D74CAA7F,36,3
4D5E5A9F-9DB1-41AF-8A4F-75A4D74CAA7F,80,3
4D63588E-3530-48B6-BBEF-F1A91D965078,2,2
4D7140AE-C74D-43CD-8757-0A2080F413C1,9,3
4D7140AE-C74D-43CD-8757-0A2080F413C1,11,3
4D7140AE-C74D-43CD-8757-0A2080F413C1,16,3
4D8C6A53-F752-49D4-8F79-08B995D3A12A,10,3
4D8C6A53-F752-49D4-8F79-08B995D3A12A,24,3
4E15FAA5-CF41-45CC-93D5-A1C54CBED323,5,0
4E15FAA5-CF41-45CC-93D5-A1C54CBED323,7,3
4E15FAA5-CF41-45CC-93D5-A1C54CBED323,20,3
4E3C4632-9B3C-47A1-B792-0F166D966483,44,2
4E3C4632-9B3C-47A1-B792-0F166D966483,70,2
4E751F39-BD2E-48DE-B636-3786ED550A71,16,0
4E751F39-BD2E-48DE-B636-3786ED550A71,24,3
4E751F39-BD2E-48DE-B636-3786ED550A71,50,2
4E751F39-BD2E-48DE-B636-3786ED550A71,67,2
4E79410B-24D7-4E4E-913A-FF97619E0A32,4,3
4E79410B-24D7-4E4E-913A-FF97619E0A32,10,3
4EA2552F-833D-40F7-B3E1-12500EDDB3CA,6,3
4EA2552F-833D-40F7-B3E1-12500EDDB3CA,13,3
4EA2552F-833D-40F7-B3E1-12500EDDB3CA,52,3
4EA2552F-833D-40F7-B3E1-12500EDDB3CA,70,3
4EAE9B9A-B962-443E-848C-844B47FFA475,4,3
4EAE9B9A-B962-443E-848C-844B47FFA475,51,0
4EAE9B9A-B962-443E-848C-844B47FFA475,54,3
4EB8CE23-3170-4690-9342-184FCC63EABE,17,3
4ECBAF02-1AC8-48E0-9B00-D230F450DA84,7,0
4ECBAF02-1AC8-48E0-9B00-D230F450DA84,37,0
4EDBDD03-4AA1-4165-851D-9597AD8000E3,31,4
4EDBDD03-4AA1-4165-851D-9597AD8000E3,68,4
4EDBDD03-4AA1-4165-851D-9597AD8000E3,107,4
4EDBDD03-4AA1-4165-851D-9597AD8000E3,113,3
4EE337CD-B930-495B-8A3C-5394973772A1,2,3
4EE337CD-B930-495B-8A3C-5394973772A1,5,3
4F1A1CC0-1947-44A9-AC4C-08CAD9DEA159,21,2
4F1A1CC0-1947-44A9-AC4C-08CAD9DEA159,57,2
4F40A0E7-5277-4C41-ABA2-FE6C1BD163E5,9,2
4F40A0E7-5277-4C41-ABA2-FE6C1BD163E5,13,2
4F40A0E7-5277-4C41-ABA2-FE6C1BD163E5,44,0
4F61A3B4-7F7D-41A2-A745-24AA15ABF8D2,20,3
4F6BC023-4917-45CB-A3A8-B796BCF4A054,16,3
4fc6e64b-7e92-4c9d-b647-85c4acfb8eae,21,2
4FD0A7D1-812B-47CC-A601-47C1B520B7FE,10,0
4FE2D241-8D4F-414C-B197-0BAC49AE5399,2,3
4FE2D241-8D4F-414C-B197-0BAC49AE5399,14,3
5027F3D3-5BFE-4BDE-8FDB-7BD6E26107E5,3,3
506C3AD5-E988-4DF9-BB00-8ADC9061FCBB,36,3
506C3AD5-E988-4DF9-BB00-8ADC9061FCBB,38,3
506FD703-7D3F-4691-95BC-8756A386C34C,11,3
506FD703-7D3F-4691-95BC-8756A386C34C,12,3
506FD703-7D3F-4691-95BC-8756A386C34C,13,3
506FD703-7D3F-4691-95BC-8756A386C34C,38,3
506FD703-7D3F-4691-95BC-8756A386C34C,39,0
506FD703-7D3F-4691-95BC-8756A386C34C,43,3
506FD703-7D3F-4691-95BC-8756A386C34C,45,3
506FD703-7D3F-4691-95BC-8756A386C34C,48,0
507DEA0A-B3C6-4BCD-8533-B1FA0D97B03D,6,3
507DEA0A-B3C6-4BCD-8533-B1FA0D97B03D,11,3
507DEA0A-B3C6-4BCD-8533-B1FA0D97B03D,17,3
507DEA0A-B3C6-4BCD-8533-B1FA0D97B03D,22,3
5098F04A-B928-45E2-9C46-1362E723E2BD,39,3
509F93DE-C823-487E-89BB-94F7B9E647E9,27,3
509F93DE-C823-487E-89BB-94F7B9E647E9,40,3
509F93DE-C823-487E-89BB-94F7B9E647E9,49,3
5113D965-BA41-4364-B4F1-6CF0FDAF72C3,1,3
5113D965-BA41-4364-B4F1-6CF0FDAF72C3,7,3
5113D965-BA41-4364-B4F1-6CF0FDAF72C3,28,5
5113D965-BA41-4364-B4F1-6CF0FDAF72C3,35,3
51247FA6-8151-49EB-AC80-A2CA7FF85A28,9,3
51274D2F-C878-45C6-8D95-569B18E619CB,9,3
51274D2F-C878-45C6-8D95-569B18E619CB,42,0
513C8912-26F8-427F-8DBB-85BACE251528,35,3
513C8912-26F8-427F-8DBB-85BACE251528,37,0
51402622-43CF-4EF4-8515-8AB60D37063D,1,3
51402622-43CF-4EF4-8515-8AB60D37063D,19,3
51759e83-d515-4c02-9a1e-97c75ca07aa8,1,1
51759e83-d515-4c02-9a1e-97c75ca07aa8,8,1
51759e83-d515-4c02-9a1e-97c75ca07aa8,14,1
51759e83-d515-4c02-9a1e-97c75ca07aa8,20,1
51759e83-d515-4c02-9a1e-97c75ca07aa8,21,1
51759e83-d515-4c02-9a1e-97c75ca07aa8,23,1
51759e83-d515-4c02-9a1e-97c75ca07aa8,27,1
51759e83-d515-4c02-9a1e-97c75ca07aa8,28,1
51759e83-d515-4c02-9a1e-97c75ca07aa8,29,1
51759e83-d515-4c02-9a1e-97c75ca07aa8,34,1
51759e83-d515-4c02-9a1e-97c75ca07aa8,35,1
51759e83-d515-4c02-9a1e-97c75ca07aa8,40,1
5185AD6E-183F-4BF9-AB54-565B830EDC37,48,3
5185AD6E-183F-4BF9-AB54-565B830EDC37,53,3
5185AD6E-183F-4BF9-AB54-565B830EDC37,80,3
51935EFB-BA95-4148-94F6-FB609C63F668,1,4
51935EFB-BA95-4148-94F6-FB609C63F668,8,4
519AE20A-502B-43C1-A516-8B448F2A03E9,4,2
519AE20A-502B-43C1-A516-8B448F2A03E9,9,2
519AE20A-502B-43C1-A516-8B448F2A03E9,22,2
519AE20A-502B-43C1-A516-8B448F2A03E9,39,2
519AE20A-502B-43C1-A516-8B448F2A03E9,45,2
519AE20A-502B-43C1-A516-8B448F2A03E9,59,2
51A7BE8F-BA66-443D-B8CE-9DDEB5FDC447,35,3
51A7BE8F-BA66-443D-B8CE-9DDEB5FDC447,46,3
51AC5156-B682-48EF-B8D4-0BFB9F47C8D5,13,1
51AC5156-B682-48EF-B8D4-0BFB9F47C8D5,18,1
51AC5156-B682-48EF-B8D4-0BFB9F47C8D5,22,1
51B3104D-7415-47DD-AB80-C8E8941F31CD,10,3
51B3104D-7415-47DD-AB80-C8E8941F31CD,24,3
51B3104D-7415-47DD-AB80-C8E8941F31CD,32,3
51D0996C-2C1B-428A-9995-74BE479CA7C9,4,3
51D0996C-2C1B-428A-9995-74BE479CA7C9,13,3
51D0996C-2C1B-428A-9995-74BE479CA7C9,52,3
523CD94F-72CF-4BE9-B9F0-737FE78BA58B,6,3
52459F93-DEE0-4057-81EF-1301E749BA48,2,3
52459F93-DEE0-4057-81EF-1301E749BA48,14,3
52459F93-DEE0-4057-81EF-1301E749BA48,28,3
524B491C-DF38-4841-BC8B-277643D7CDCA,10,3
527E5692-CA15-4A18-9577-B6D709110CF5,24,0
527E5692-CA15-4A18-9577-B6D709110CF5,36,2
527E5692-CA15-4A18-9577-B6D709110CF5,66,2
527F754F-9FAD-4EEC-8380-0CAC2FE6EF10,2,3
5280D032-4896-46B9-92D0-EE56FD78596B,7,2
5280D032-4896-46B9-92D0-EE56FD78596B,19,6
5280D032-4896-46B9-92D0-EE56FD78596B,29,2
5280D032-4896-46B9-92D0-EE56FD78596B,60,2
52A2258E-41F0-4613-8496-1C22C47751F8,18,5
52BE04AF-CDF2-4228-AC85-75787EB89329,20,2
52BE04AF-CDF2-4228-AC85-75787EB89329,29,2
52C8090C-D403-4870-92A7-B99894630CD4,11,3
52C8090C-D403-4870-92A7-B99894630CD4,59,4
52C8090C-D403-4870-92A7-B99894630CD4,99,4
52CD0790-38C5-4BEA-9FD8-5EC8D88584A2,20,1
52CD0790-38C5-4BEA-9FD8-5EC8D88584A2,23,1
52FC5CB6-B7A6-451E-A29E-F86DCD089677,8,6
52FC5CB6-B7A6-451E-A29E-F86DCD089677,27,3
52FC5CB6-B7A6-451E-A29E-F86DCD089677,41,6
52FC5CB6-B7A6-451E-A29E-F86DCD089677,76,3
52FC5CB6-B7A6-451E-A29E-F86DCD089677,105,3
53135A25-5247-4F15-9995-E3552C967B35,9,3
53135A25-5247-4F15-9995-E3552C967B35,18,3
53135A25-5247-4F15-9995-E3552C967B35,24,3
531E1B31-36F9-43EC-A3C1-597F0C9A4FF8,26,2
533554BC-CFC4-4F5E-AC19-1BC003A1AEA8,10,3
534556F0-E570-4CC6-9565-D9C9F567ABDD,96,3
536177f2-11b4-4023-8baf-6469cf6c4609,1,
536177f2-11b4-4023-8baf-6469cf6c4609,28,2
536177f2-11b4-4023-8baf-6469cf6c4609,83,2
5399BB8A-1A57-4FF6-8CF1-93B8D1A43BEC,9,2
53ba0268-3786-435b-a801-1c77c993b351,1,
53ba0268-3786-435b-a801-1c77c993b351,1,2
53ba0268-3786-435b-a801-1c77c993b351,35,2
53ba0268-3786-435b-a801-1c77c993b351,69,2
53ba0268-3786-435b-a801-1c77c993b351,82,2
53ba0268-3786-435b-a801-1c77c993b351,95,2
53CE6B9A-A20E-478A-85D7-6402814DD574,18,3
53DB237E-1531-4AA9-8A1A-A87CBF41AB80,10,3
53DB237E-1531-4AA9-8A1A-A87CBF41AB80,36,3
53de7a94-1065-42f3-adcf-f201847028f0,7,0
53de7a94-1065-42f3-adcf-f201847028f0,132,3
54103024-396C-4D07-B148-6A2CFA61A1F6,22,2
54383025-BD94-4A25-A772-968D745E0592,4,3
54383025-BD94-4A25-A772-968D745E0592,11,3
54383025-BD94-4A25-A772-968D745E0592,22,3
54495BF9-D5E1-48A6-8C76-68AE69AFAC44,49,3
5451C197-17E4-4712-8012-1140B06CF7D4,12,2
5453d938-1ae5-48c3-9add-fdea4b0a49aa,31,2
5453d938-1ae5-48c3-9add-fdea4b0a49aa,39,2
5461A749-369C-4943-AC33-EB8768F77725,2,3
5461A749-369C-4943-AC33-EB8768F77725,7,3
5461A749-369C-4943-AC33-EB8768F77725,27,3
5480E6F2-F477-4951-BB2E-A282A2C9F1B5,31,6
5480E6F2-F477-4951-BB2E-A282A2C9F1B5,45,4
548F5A49-0FD8-4DC5-B8E4-C98ECDEED3A2,10,2
5498ED0F-4FED-4C80-A0EF-CB88BC32F842,1,2
5498ED0F-4FED-4C80-A0EF-CB88BC32F842,3,2
5498ED0F-4FED-4C80-A0EF-CB88BC32F842,5,2
5498ED0F-4FED-4C80-A0EF-CB88BC32F842,7,2
54BD1661-C2B9-44A8-9CCB-CFFA80AC4272,21,0
54EABCC0-53C5-4F4B-83FA-3A0AE9849C8E,6,2
54EABCC0-53C5-4F4B-83FA-3A0AE9849C8E,22,2
54EABCC0-53C5-4F4B-83FA-3A0AE9849C8E,30,2
551B6F78-9423-4EC9-8C49-BEA3140E8C86,5,3
551B6F78-9423-4EC9-8C49-BEA3140E8C86,8,3
553BF5A2-CF93-44A4-A212-05C33313DA48,5,3
553BF5A2-CF93-44A4-A212-05C33313DA48,7,3
553BF5A2-CF93-44A4-A212-05C33313DA48,14,3
554f750f-58c5-4512-a88f-268c9619f39a,33,3
555d0a43-90be-49b0-bb68-72b4309d5e26,16,3
555d0a43-90be-49b0-bb68-72b4309d5e26,45,3
556d4f13-5ac2-4968-b568-368f64f20a6f,19,1
556d4f13-5ac2-4968-b568-368f64f20a6f,76,1
556d4f13-5ac2-4968-b568-368f64f20a6f,117,1
556d4f13-5ac2-4968-b568-368f64f20a6f,156,1
556d4f13-5ac2-4968-b568-368f64f20a6f,162,1
556d4f13-5ac2-4968-b568-368f64f20a6f,165,0
5576C756-305C-40AA-A035-594D33BC4824,16,3
5576C756-305C-40AA-A035-594D33BC4824,30,3
557852fb-23ee-4019-ae50-e43f2d6e9b03,31,2
557852fb-23ee-4019-ae50-e43f2d6e9b03,43,2
55C8EF98-B4E2-4C66-BF2D-00D2EAC9B050,4,2
55C8EF98-B4E2-4C66-BF2D-00D2EAC9B050,11,2
55C8EF98-B4E2-4C66-BF2D-00D2EAC9B050,18,2
55C8EF98-B4E2-4C66-BF2D-00D2EAC9B050,25,2
5626D977-D954-4A06-8E4A-6CB7F803FE33,9,3
5626D977-D954-4A06-8E4A-6CB7F803FE33,39,3
56856A22-A283-4506-A810-69CCB05055FA,4,3
56856A22-A283-4506-A810-69CCB05055FA,16,3
56B3F63E-C87F-47D6-8175-EA1874F82E7D,27,2
56BE5491-E3FB-41F4-8520-D825967D3F59,22,2
56BE5491-E3FB-41F4-8520-D825967D3F59,52,2
56DD7115-C989-4E91-B4A0-D3D794B1F263,11,3
56DD7115-C989-4E91-B4A0-D3D794B1F263,32,3
56EC89DD-98A9-470F-81A3-A3BABD9288C1,17,3
56EC89DD-98A9-470F-81A3-A3BABD9288C1,38,3
578B1760-1D83-4625-B478-46646193A5FD,8,3
578B1760-1D83-4625-B478-46646193A5FD,27,3
578B1760-1D83-4625-B478-46646193A5FD,29,3
5798BB86-F821-47B5-90CA-0C0D9CB7F927,1,3
5798BB86-F821-47B5-90CA-0C0D9CB7F927,34,3
579B069E-B7A9-434E-9C5B-D96FCA20A637,8,3
57B0DBC1-B1FB-4AC0-88C1-B73069BF46F8,3,3
57B0DBC1-B1FB-4AC0-88C1-B73069BF46F8,7,3
57B0DBC1-B1FB-4AC0-88C1-B73069BF46F8,19,3
57B0DBC1-B1FB-4AC0-88C1-B73069BF46F8,57,3
57B0DBC1-B1FB-4AC0-88C1-B73069BF46F8,62,3
57D285F0-C4C7-4E35-947D-6F32C1802940,4,2
57D285F0-C4C7-4E35-947D-6F32C1802940,9,2
57E71B9F-FF3E-414A-A2BA-40E38F62B7C1,13,6
57E71B9F-FF3E-414A-A2BA-40E38F62B7C1,42,2
57E71B9F-FF3E-414A-A2BA-40E38F62B7C1,48,2
5825F0B4-75FA-4645-9293-10490241890B,1,2
583CF952-4C0D-4F87-809E-158A4C57D64A,4,3
583CF952-4C0D-4F87-809E-158A4C57D64A,24,3
583CF952-4C0D-4F87-809E-158A4C57D64A,30,3
58411BD4-077B-4FD4-B310-ABC446ECE8FD,10,2
58411BD4-077B-4FD4-B310-ABC446ECE8FD,33,2
58411BD4-077B-4FD4-B310-ABC446ECE8FD,36,2
58741AC8-C4D4-46E5-AD63-527E0B9DCB83,24,3
58741AC8-C4D4-46E5-AD63-527E0B9DCB83,33,3
58741AC8-C4D4-46E5-AD63-527E0B9DCB83,54,3
58741AC8-C4D4-46E5-AD63-527E0B9DCB83,59,3
5879A078-8943-4227-A20E-E3B82C35BD24,11,6
5879A078-8943-4227-A20E-E3B82C35BD24,18,3
5879A078-8943-4227-A20E-E3B82C35BD24,24,3
587a54bd-caed-4c32-b9f0-a72e3e8b55b9,3,0
588811CA-635B-4771-869E-22B4722C0FD0,8,3
58A60523-593F-419C-8C2F-C63C6229E6CA,44,3
58b690f4-e4df-4f0a-a123-0240aeeb9066,14,0
58BB5561-6407-43F8-AFD2-1BEB11A68E43,17,3
58c96bf9-ca8c-4517-b635-072163b9d015,9,2
58c96bf9-ca8c-4517-b635-072163b9d015,53,2
58F65AFF-3881-43EE-AAA7-6353B10A3618,4,3
58F65AFF-3881-43EE-AAA7-6353B10A3618,9,3
58F65AFF-3881-43EE-AAA7-6353B10A3618,32,3
58F65AFF-3881-43EE-AAA7-6353B10A3618,42,3
58F65AFF-3881-43EE-AAA7-6353B10A3618,65,3
5967EFEE-1471-4125-BFC1-BD195B568679,11,3
5968E729-3C1E-4035-AB8C-E3A382F081A5,13,3
596B7315-B7EB-42B6-B589-1F6A66AEAE9C,30,3
596B7315-B7EB-42B6-B589-1F6A66AEAE9C,77,3
597F2364-555D-46C1-A3D2-5369E46F104E,12,3
599cb6da-55c0-4987-a504-1666faf1a3ff,9,2
599cb6da-55c0-4987-a504-1666faf1a3ff,63,2
599cb6da-55c0-4987-a504-1666faf1a3ff,81,2
59B63530-1175-4EFE-992C-8F008516DDDE,4,3
59B63530-1175-4EFE-992C-8F008516DDDE,39,3
59B63530-1175-4EFE-992C-8F008516DDDE,50,3
59C91E71-535C-44BB-8A45-99931CA44D13,35,3
59DEE3E2-E392-4C95-818F-E1A33DFA4A2C,8,3
5A3B04D6-8FEB-4789-A765-EA1A10182EB2,10,1
5A3B04D6-8FEB-4789-A765-EA1A10182EB2,22,0
5A3B04D6-8FEB-4789-A765-EA1A10182EB2,30,1
5A3B04D6-8FEB-4789-A765-EA1A10182EB2,32,1
5A3B04D6-8FEB-4789-A765-EA1A10182EB2,33,0
5A3B04D6-8FEB-4789-A765-EA1A10182EB2,36,1
5A4AE026-0271-489A-8072-B927062D6B6D,44,3
5a99f59d-acac-42fb-ac7a-c1292b51fafc,18,0
5a99f59d-acac-42fb-ac7a-c1292b51fafc,22,0
5a99f59d-acac-42fb-ac7a-c1292b51fafc,43,0
5AA6CE28-54DC-42A0-86C4-2DE70ED4B358,18,3
5AA6CE28-54DC-42A0-86C4-2DE70ED4B358,32,3
5abca285-7fca-46b0-bfb5-5ec04ec97b7e,51,1
5abca285-7fca-46b0-bfb5-5ec04ec97b7e,81,1
5abca285-7fca-46b0-bfb5-5ec04ec97b7e,100,1
5B119532-5A78-4B2D-98B4-DD81C7BEF097,24,3
5B291F82-C0E5-4E90-B85B-C1FB84A6B09A,1,3
5B291F82-C0E5-4E90-B85B-C1FB84A6B09A,37,3
5B63AD88-09D3-4D4E-9B41-5E49E53E2601,33,3
5B63AD88-09D3-4D4E-9B41-5E49E53E2601,42,3
5B63AD88-09D3-4D4E-9B41-5E49E53E2601,70,3
5B63AD88-09D3-4D4E-9B41-5E49E53E2601,86,3
5B90A721-292B-4753-B198-6F308CED3382,23,3
5B90A721-292B-4753-B198-6F308CED3382,27,3
5B90A721-292B-4753-B198-6F308CED3382,46,2
5BE4A924-A5FC-435F-9333-2589E944B9B2,18,0
5C08A566-D28E-4D56-8E34-A9A06F2D8B36,29,3
5C08A566-D28E-4D56-8E34-A9A06F2D8B36,34,0
5C08A566-D28E-4D56-8E34-A9A06F2D8B36,40,3
5C24A92D-6F34-427D-BD81-AC360425AEF8,48,3
5C24A92D-6F34-427D-BD81-AC360425AEF8,51,3
5C27535F-04F6-4A51-BFC8-44A0F0C61D50,9,2
5C27535F-04F6-4A51-BFC8-44A0F0C61D50,44,2
5C2A3954-BF2C-487F-8AF3-1293508024FE,3,2
5C5F8C1D-D8E0-4A18-BED7-56BD1417F564,8,1
5C5F8C1D-D8E0-4A18-BED7-56BD1417F564,46,1
5C5F8C1D-D8E0-4A18-BED7-56BD1417F564,49,1
5C5F8C1D-D8E0-4A18-BED7-56BD1417F564,56,1
5C5F8C1D-D8E0-4A18-BED7-56BD1417F564,102,1
5C5F8C1D-D8E0-4A18-BED7-56BD1417F564,132,1
5c70da40-9cbf-4ca5-9334-47375f33bd72,71,3
5c70da40-9cbf-4ca5-9334-47375f33bd72,105,0
5c70da40-9cbf-4ca5-9334-47375f33bd72,137,0
5c70da40-9cbf-4ca5-9334-47375f33bd72,139,0
5CBE7F53-73DE-4885-9D61-38468E8DA650,5,2
5CBE7F53-73DE-4885-9D61-38468E8DA650,19,2
5CBE7F53-73DE-4885-9D61-38468E8DA650,69,2
5CBE7F53-73DE-4885-9D61-38468E8DA650,78,2
5CBE7F53-73DE-4885-9D61-38468E8DA650,102,2
5CEE8597-6D26-4C17-84D1-DE5C9FFF91FF,1,3
5CEE8597-6D26-4C17-84D1-DE5C9FFF91FF,26,3
5D01EDB1-203E-44A7-A58D-419602FF4946,8,2
5D174940-494B-4B1D-9D5B-1A4F0C7B1EEA,2,3
5D174940-494B-4B1D-9D5B-1A4F0C7B1EEA,8,3
5D174940-494B-4B1D-9D5B-1A4F0C7B1EEA,15,3
5D174940-494B-4B1D-9D5B-1A4F0C7B1EEA,28,3
5D174940-494B-4B1D-9D5B-1A4F0C7B1EEA,34,3
5D473725-D7D1-4285-9290-01BA9516A843,1,2
5D473725-D7D1-4285-9290-01BA9516A843,8,2
5D497316-A92C-44BE-B84C-12F578247086,5,3
5D497316-A92C-44BE-B84C-12F578247086,7,3
5D497316-A92C-44BE-B84C-12F578247086,27,3
5d622dfc-c90d-4240-aaa5-df400381cd06,32,3
5d622dfc-c90d-4240-aaa5-df400381cd06,52,3
5D70435E-5A71-4AC7-AFE4-75151ED0E5B9,21,3
5D80244F-DB88-4F95-87D0-03810FA8EED3,99,4
5D823AAD-2D2D-469D-BCDC-E7DFD38D83FF,47,3
5D89DD7E-139C-4F8E-969B-AB8E50DB93B9,12,3
5D8F8568-8E8F-4C1A-AFC6-F683A436FC74,9,3
5D8F8568-8E8F-4C1A-AFC6-F683A436FC74,16,3
5D8F8568-8E8F-4C1A-AFC6-F683A436FC74,33,0
5D8F8568-8E8F-4C1A-AFC6-F683A436FC74,44,3
5DB24585-6A9F-48D7-BC2D-DFF5736F8779,5,3
5DB24585-6A9F-48D7-BC2D-DFF5736F8779,8,3
5DB24585-6A9F-48D7-BC2D-DFF5736F8779,14,3
5DB24585-6A9F-48D7-BC2D-DFF5736F8779,27,3
5DB24585-6A9F-48D7-BC2D-DFF5736F8779,29,3
5E533142-41C6-4E1F-B6E5-B1C77C12984C,16,3
5E533142-41C6-4E1F-B6E5-B1C77C12984C,25,2
5E533142-41C6-4E1F-B6E5-B1C77C12984C,42,2
5e720326-5771-4054-82cf-9dba0b5c6b11,14,3
5e720326-5771-4054-82cf-9dba0b5c6b11,20,0
5e720326-5771-4054-82cf-9dba0b5c6b11,21,0
5e720326-5771-4054-82cf-9dba0b5c6b11,34,0
5e720326-5771-4054-82cf-9dba0b5c6b11,35,3
5e720326-5771-4054-82cf-9dba0b5c6b11,49,3
5e720326-5771-4054-82cf-9dba0b5c6b11,57,0
5e720326-5771-4054-82cf-9dba0b5c6b11,58,6
5e720326-5771-4054-82cf-9dba0b5c6b11,73,0
5e720326-5771-4054-82cf-9dba0b5c6b11,74,0
5e720326-5771-4054-82cf-9dba0b5c6b11,75,0
5EA2BCD5-2D8F-42AD-8727-6B6FB38B9F90,3,3
5EA2BCD5-2D8F-42AD-8727-6B6FB38B9F90,34,3
5F102CCB-7F4A-4BCA-AF0A-D83390537DAF,62,3
5F1472C6-CEDE-46A4-8418-0FC5D223A0B5,77,3
5F48ED3F-4B4C-44AA-81E9-2339057441EB,6,3
5F48ED3F-4B4C-44AA-81E9-2339057441EB,10,3
5F48ED3F-4B4C-44AA-81E9-2339057441EB,16,3
5F48ED3F-4B4C-44AA-81E9-2339057441EB,22,3
5F6585BE-8AC6-4A0D-AC97-8865C34814DD,65,3
5F6C44D1-1B5A-4B62-BDCE-CEBEFF17DDDC,1,3
5F6C44D1-1B5A-4B62-BDCE-CEBEFF17DDDC,29,3
5F6C44D1-1B5A-4B62-BDCE-CEBEFF17DDDC,35,3
5F6C44D1-1B5A-4B62-BDCE-CEBEFF17DDDC,37,3
5F71DCE5-3F4A-4596-943B-36D067BFC590,9,4
60042830-d81f-4b02-bcef-7cf12d12c456,47,2
60042830-d81f-4b02-bcef-7cf12d12c456,54,2
600E6B88-03AA-4954-BD3D-39496C15FDA2,55,3
6017556F-B240-4628-942A-1A563C47EFCF,4,0
6017556F-B240-4628-942A-1A563C47EFCF,10,0
6017556F-B240-4628-942A-1A563C47EFCF,44,0
6017556F-B240-4628-942A-1A563C47EFCF,77,0
6017556F-B240-4628-942A-1A563C47EFCF,104,0
60453733-8BB0-407B-979E-1D06D695CBC6,15,3
60754D4F-6AFC-431D-AC68-C5DFF9C633BD,11,0
60754D4F-6AFC-431D-AC68-C5DFF9C633BD,12,0
60754D4F-6AFC-431D-AC68-C5DFF9C633BD,13,2
60754D4F-6AFC-431D-AC68-C5DFF9C633BD,36,0
60754D4F-6AFC-431D-AC68-C5DFF9C633BD,42,0
60754D4F-6AFC-431D-AC68-C5DFF9C633BD,59,0
60754D4F-6AFC-431D-AC68-C5DFF9C633BD,63,2
60D360A9-F7FE-4C5C-8668-C03C55039366,64,3
60E017D3-6748-4F0B-9A4E-665183D92498,10,2
60FA86F9-2FB4-4A5A-9B5E-0A184D5FF0FA,11,2
60FA86F9-2FB4-4A5A-9B5E-0A184D5FF0FA,38,3
60FA86F9-2FB4-4A5A-9B5E-0A184D5FF0FA,44,2
60FCC9F6-C72F-451A-A485-B0709A933D1F,7,6
610E6421-69B9-45E2-B703-BAEA8E8BBD67,4,3
611E2046-8786-48D5-B33B-DE023D54332F,8,3
611E2046-8786-48D5-B33B-DE023D54332F,29,3
61599B83-DBD0-4205-9C66-C981BBA64DF5,42,3
61599B83-DBD0-4205-9C66-C981BBA64DF5,104,3
6188AC3B-6196-4D6E-85B3-6251B71EF390,6,1
6188AC3B-6196-4D6E-85B3-6251B71EF390,11,1
6188AC3B-6196-4D6E-85B3-6251B71EF390,12,1
6188AC3B-6196-4D6E-85B3-6251B71EF390,17,1
6188AC3B-6196-4D6E-85B3-6251B71EF390,22,1
6188AC3B-6196-4D6E-85B3-6251B71EF390,24,1
6188AC3B-6196-4D6E-85B3-6251B71EF390,25,1
6191F432-459E-4B4F-B4E4-898D005BFD93,7,2
6191F432-459E-4B4F-B4E4-898D005BFD93,8,0
6191F432-459E-4B4F-B4E4-898D005BFD93,15,1
6191F432-459E-4B4F-B4E4-898D005BFD93,93,3
61B179BF-1904-4683-B1B3-F0CBBB547745,12,2
61bda01b-651d-456f-ad08-25533f1328b6,1,
61bda01b-651d-456f-ad08-25533f1328b6,20,0
61bda01b-651d-456f-ad08-25533f1328b6,37,3
61bda01b-651d-456f-ad08-25533f1328b6,57,0
61bda01b-651d-456f-ad08-25533f1328b6,79,0
61bda01b-651d-456f-ad08-25533f1328b6,108,3
61bda01b-651d-456f-ad08-25533f1328b6,116,3
61D031A3-C387-4987-9849-8E8C97B67B8A,61,3
61D031A3-C387-4987-9849-8E8C97B67B8A,74,3
61d3d6d1-17eb-435c-932f-2a0f853043b2,11,0
61d3d6d1-17eb-435c-932f-2a0f853043b2,55,0
61d3d6d1-17eb-435c-932f-2a0f853043b2,64,0
61d3d6d1-17eb-435c-932f-2a0f853043b2,65,0
61d3d6d1-17eb-435c-932f-2a0f853043b2,80,0
621B0335-A779-47A9-B895-D9627660F972,9,3
621B0335-A779-47A9-B895-D9627660F972,22,3
621C8912-4E8F-4EC0-9ED3-9E16703F2E60,16,1
621de970-1d24-457d-976d-610aed7e1ca2,59,3
625B7E7D-777B-4F78-8C43-8DD6CC19C09A,11,0
625B7E7D-777B-4F78-8C43-8DD6CC19C09A,17,2
625B7E7D-777B-4F78-8C43-8DD6CC19C09A,32,0
62683309-F2B8-43E8-8309-48668C37A2A1,9,2
626FB0C5-669F-495E-A3C7-FF187ADE00BE,14,3
626FB0C5-669F-495E-A3C7-FF187ADE00BE,46,3
62A78895-1DA7-45FC-AAD2-A691B75A6056,20,3
62A78895-1DA7-45FC-AAD2-A691B75A6056,58,3
62A78895-1DA7-45FC-AAD2-A691B75A6056,74,3
62AB192B-42CF-4CAB-9E0F-0AEA3A8446E6,8,3
62AB192B-42CF-4CAB-9E0F-0AEA3A8446E6,46,3
62af1134-23d8-42aa-b916-eee65d523978,87,0
62af1134-23d8-42aa-b916-eee65d523978,101,0
62af1134-23d8-42aa-b916-eee65d523978,152,0
62af1134-23d8-42aa-b916-eee65d523978,197,0
62CA3D66-D421-4D5B-B3DB-04544279F8C0,27,4
62CD4D6E-6ADF-40B9-A959-58F6B174F614,36,3
62CD4D6E-6ADF-40B9-A959-58F6B174F614,39,3
62CD4D6E-6ADF-40B9-A959-58F6B174F614,45,3
62E82976-30F1-4785-AF42-6620936F833C,2,3
62E82976-30F1-4785-AF42-6620936F833C,29,3
62FDB91E-22E9-43ED-96D2-C9F03A3A57C3,7,2
62FDB91E-22E9-43ED-96D2-C9F03A3A57C3,15,2
632ABEE1-B09D-4057-B431-21B04DFB50D5,11,0
632ABEE1-B09D-4057-B431-21B04DFB50D5,32,2
632ABEE1-B09D-4057-B431-21B04DFB50D5,54,6
634AE088-57DE-4ACA-9B50-1CB886D58C47,8,2
634AE088-57DE-4ACA-9B50-1CB886D58C47,40,3
634FDDBB-B233-4229-BB3F-020E09FCB681,14,2
634FDDBB-B233-4229-BB3F-020E09FCB681,37,2
63A84F3E-82C6-42CD-B90D-DA517F551BC3,18,2
63A84F3E-82C6-42CD-B90D-DA517F551BC3,51,2
63AC18A9-F8E6-47E6-A8D4-048B5B05424C,14,3
63AC18A9-F8E6-47E6-A8D4-048B5B05424C,28,3
63AC18A9-F8E6-47E6-A8D4-048B5B05424C,46,3
63EF03D2-4D34-4523-98A3-E0B586EB05C0,2,3
644ED8DE-045B-4D72-85E2-EDF68CAF0616,2,3
64273FD2-D094-4903-AA25-0649F6E1F247,16,3
64273FD2-D094-4903-AA25-0649F6E1F247,18,3
64273FD2-D094-4903-AA25-0649F6E1F247,30,3
644ED8DE-045B-4D72-85E2-EDF68CAF0616,35,3
645E7048-3EFA-444F-A3F3-4384D4E1F0FC,17,3
646B7354-C389-402F-9850-C3667116B62F,7,3
646B7354-C389-402F-9850-C3667116B62F,29,3
64FC2556-1DE7-44B1-B57B-B2FF757773F8,10,3
64FC2556-1DE7-44B1-B57B-B2FF757773F8,16,3
64FC2556-1DE7-44B1-B57B-B2FF757773F8,51,3
651bd13d-cabc-47da-bf68-a62fe21195dc,1,2
651bd13d-cabc-47da-bf68-a62fe21195dc,5,2
651bd13d-cabc-47da-bf68-a62fe21195dc,23,2
651bd13d-cabc-47da-bf68-a62fe21195dc,62,2
651bd13d-cabc-47da-bf68-a62fe21195dc,71,2
651bd13d-cabc-47da-bf68-a62fe21195dc,94,2
651bd13d-cabc-47da-bf68-a62fe21195dc,106,2
652B83D2-528B-4A24-AECB-DF88BCDAC0FC,3,4
652B83D2-528B-4A24-AECB-DF88BCDAC0FC,21,4
652B83D2-528B-4A24-AECB-DF88BCDAC0FC,139,4
653C6BEE-DA0B-401E-A22E-63F8BC17B6F1,9,2
654B7F2A-FEBF-4E8D-8C16-EC9A52784035,5,3
654B7F2A-FEBF-4E8D-8C16-EC9A52784035,14,3
656593d1-fb8f-418c-adba-5e51d1764331,10,2
657676EF-E89C-439F-8A3F-A944F895C94E,19,3
65970390-EE28-4175-B786-FD43B2A0AAC6,130,3
65A5FC89-89D9-46B6-A33A-43D743E6B5C0,82,3
65FCA9FA-128A-47AD-9239-7F4261966D06,2,1
65FCA9FA-128A-47AD-9239-7F4261966D06,14,1
65FCA9FA-128A-47AD-9239-7F4261966D06,28,1
65FCA9FA-128A-47AD-9239-7F4261966D06,35,1
65FCA9FA-128A-47AD-9239-7F4261966D06,40,1
661026D4-3A03-4998-B001-C95ECCAEA73A,11,3
661279CA-28D0-48D9-921D-D30F35FBE571,7,3
661279CA-28D0-48D9-921D-D30F35FBE571,28,3
661279CA-28D0-48D9-921D-D30F35FBE571,35,3
664A755F-E560-45C8-B73D-5ABB68EA843C,10,4
664A755F-E560-45C8-B73D-5ABB68EA843C,17,3
664A755F-E560-45C8-B73D-5ABB68EA843C,24,3
664A755F-E560-45C8-B73D-5ABB68EA843C,31,5
666d4b4f-2de4-4e9b-b408-5040337ac64e,76,3
667E7D9D-7BC5-42CF-972F-40BE0018477B,23,3
66E57F9F-C45B-4085-80E9-D36298E5E615,1,3
66F7DE97-6667-4160-9E2F-08D64F387B5F,4,6
66F7DE97-6667-4160-9E2F-08D64F387B5F,16,6
66F7DE97-6667-4160-9E2F-08D64F387B5F,30,6
66F7DE97-6667-4160-9E2F-08D64F387B5F,38,6
6715514E-6A05-4C72-B122-D0C986FC3EDC,8,3
6715514E-6A05-4C72-B122-D0C986FC3EDC,41,3
6746ED20-2B99-4111-8B66-9C29CE3EFEE6,17,6
67764FDA-E153-40F1-A8DE-7D0A6F271AEB,21,3
67764FDA-E153-40F1-A8DE-7D0A6F271AEB,28,3
677CC972-A421-455D-84C0-3AE897F4A182,3,3
677CC972-A421-455D-84C0-3AE897F4A182,26,3
677CC972-A421-455D-84C0-3AE897F4A182,29,3
67A10BCE-FC9F-4DAD-A4F2-541A66BE02EE,3,3
67A10BCE-FC9F-4DAD-A4F2-541A66BE02EE,7,3
67A10BCE-FC9F-4DAD-A4F2-541A66BE02EE,34,3
67BE5083-B414-4EC0-A8B9-926EDE1FFDCC,39,2
67BE5083-B414-4EC0-A8B9-926EDE1FFDCC,43,2
67C4ABFF-DF28-4198-B59B-56235FB0E47E,12,3
67C4ABFF-DF28-4198-B59B-56235FB0E47E,13,3
67C4ABFF-DF28-4198-B59B-56235FB0E47E,16,3
67C4ABFF-DF28-4198-B59B-56235FB0E47E,30,3
67C4ABFF-DF28-4198-B59B-56235FB0E47E,32,3
67CE5F15-FE11-4F3F-A427-BB8FC7BDD20C,10,2
67CE5F15-FE11-4F3F-A427-BB8FC7BDD20C,16,0
67CE5F15-FE11-4F3F-A427-BB8FC7BDD20C,18,2
67CE5F15-FE11-4F3F-A427-BB8FC7BDD20C,22,2
67CE5F15-FE11-4F3F-A427-BB8FC7BDD20C,43,0
67CE5F15-FE11-4F3F-A427-BB8FC7BDD20C,47,2
67fbf141-a88e-41bf-bf51-96d18b51d139,39,1
67fbf141-a88e-41bf-bf51-96d18b51d139,80,3
68183513-0F03-40E8-9F68-425517A41DD6,86,2
681EEA97-71F5-4CE1-B5C0-7746B79CD4C8,5,3
681EEA97-71F5-4CE1-B5C0-7746B79CD4C8,7,3
681EEA97-71F5-4CE1-B5C0-7746B79CD4C8,14,3
682431DF-8B12-4C8C-8246-C6491A1C07C3,31,2
682431DF-8B12-4C8C-8246-C6491A1C07C3,51,2
684B2E39-C3E2-4817-8A83-37265B495222,33,3
684B2E39-C3E2-4817-8A83-37265B495222,55,3
68AC7B48-D508-495C-90CC-0AEBDDA57EDD,4,3
68AC7B48-D508-495C-90CC-0AEBDDA57EDD,11,3
68B3A5EF-1EBB-4DBC-A4FF-F8642EE52258,5,3
68BBF145-E484-4EDB-89B7-D005B146F72E,7,0
68BBF145-E484-4EDB-89B7-D005B146F72E,41,0
690703fb-a5ee-4f77-9db3-6034542666fc,22,3
690703fb-a5ee-4f77-9db3-6034542666fc,98,3
692D1E1D-A7E1-4D07-B92B-A248495CFD59,12,3
692D1E1D-A7E1-4D07-B92B-A248495CFD59,22,3
6934D7E8-D8A6-4D29-ADA7-FD9E231665AA,39,3
6934D7E8-D8A6-4D29-ADA7-FD9E231665AA,43,3
6934D7E8-D8A6-4D29-ADA7-FD9E231665AA,63,3
6934D7E8-D8A6-4D29-ADA7-FD9E231665AA,114,3
6939401B-0EA1-48E6-B004-C979506DE077,6,3
6939401B-0EA1-48E6-B004-C979506DE077,11,3
693c0a96-8049-474c-a470-cba1314cff06,37,6
693c0a96-8049-474c-a470-cba1314cff06,57,2
6954525A-6014-4FF1-AA88-4AE938EF55DE,21,2
6954525A-6014-4FF1-AA88-4AE938EF55DE,29,2
6962A728-3D85-4951-9669-D15E25D2E2A1,32,3
6962A728-3D85-4951-9669-D15E25D2E2A1,45,2
696910E3-9656-4504-946E-6254D33144EE,5,2
69876A42-8641-41C6-AA53-08468D3C53F9,9,3
69876A42-8641-41C6-AA53-08468D3C53F9,13,2
69876A42-8641-41C6-AA53-08468D3C53F9,33,2
69876A42-8641-41C6-AA53-08468D3C53F9,38,2
69876A42-8641-41C6-AA53-08468D3C53F9,44,2
69A4422E-38DC-48E0-923E-A99E2C454572,31,2
69a74cd3-2748-43f1-833f-d661260dd2b3,40,2
69B18CE0-F1E6-4D98-957D-D625245ECA68,7,0
69B18CE0-F1E6-4D98-957D-D625245ECA68,8,2
69B948B7-F47D-4951-8C23-68E1C020F668,10,3
69BFDD51-9384-438F-A98B-3ABE3CA82A80,31,3
6A6584E7-1A4D-45E5-8439-AB8C949E3BFF,2,2
6a797aab-f34b-43e7-9c28-c3877eec68f9,85,2
6A7E03C9-21B7-45BD-9CE1-E72FACFF879A,13,3
6A7E03C9-21B7-45BD-9CE1-E72FACFF879A,22,3
6A9E3287-FC73-4873-B7A1-1523F3CBAC46,2,3
6A9E3287-FC73-4873-B7A1-1523F3CBAC46,8,3
6A9E3287-FC73-4873-B7A1-1523F3CBAC46,14,3
6A9E3287-FC73-4873-B7A1-1523F3CBAC46,23,3
6A9E3287-FC73-4873-B7A1-1523F3CBAC46,26,3
6A9E3287-FC73-4873-B7A1-1523F3CBAC46,29,3
6B24DCC3-ED78-4763-B7B3-3C6AE411F36C,8,1
6B24DCC3-ED78-4763-B7B3-3C6AE411F36C,40,2
6B268B88-8ACB-4233-9F6F-B6A5563B0578,1,2
6B3AE30B-824E-4D95-A310-2F8BC4F818A1,44,2
6B3AE30B-824E-4D95-A310-2F8BC4F818A1,53,2
6b6622ec-c28e-400a-a159-cc1b6064672a,47,3
6b6622ec-c28e-400a-a159-cc1b6064672a,52,3
6b6622ec-c28e-400a-a159-cc1b6064672a,64,3
6BAE4BF9-155A-4CA4-990C-37209AE72F56,6,3
6BAE4BF9-155A-4CA4-990C-37209AE72F56,11,3
6BAE4BF9-155A-4CA4-990C-37209AE72F56,16,3
6BC68D78-4B0E-46A2-8ABA-C21C51C6050E,22,3
6BCDF400-5F99-4F4D-B268-56C6D727CF83,29,3
6BCDF400-5F99-4F4D-B268-56C6D727CF83,49,3
6C279DB4-8C48-4EC8-BB16-4129576CC100,15,3
6C38C179-A52B-4CF0-9A4C-B3152D4D646E,14,3
6C38C179-A52B-4CF0-9A4C-B3152D4D646E,29,3
6C38C179-A52B-4CF0-9A4C-B3152D4D646E,34,3
6C38C179-A52B-4CF0-9A4C-B3152D4D646E,49,3
6C73CC19-EF10-43F9-BAE1-35522BC1CA6B,1,2
6C73CC19-EF10-43F9-BAE1-35522BC1CA6B,8,6
6C73CC19-EF10-43F9-BAE1-35522BC1CA6B,37,6
6C8A0AF3-DFC0-475C-9291-3DF5DD188A65,19,2
6C8A0AF3-DFC0-475C-9291-3DF5DD188A65,28,2
6CC918CC-9F1A-49E8-8B6C-A2B32A05445F,30,3
6CC918CC-9F1A-49E8-8B6C-A2B32A05445F,32,3
6CC918CC-9F1A-49E8-8B6C-A2B32A05445F,39,3
6CD1067C-64F7-49A1-9968-D29D07E669F4,36,3
6CD1067C-64F7-49A1-9968-D29D07E669F4,64,3
6CD1067C-64F7-49A1-9968-D29D07E669F4,68,2
6CD1067C-64F7-49A1-9968-D29D07E669F4,97,3
6CE7F441-14CD-47E1-A4D1-CA420AA23EE1,4,3
6CE7F441-14CD-47E1-A4D1-CA420AA23EE1,44,3
6CE7F441-14CD-47E1-A4D1-CA420AA23EE1,50,3
6CEADFDF-2A32-4BDE-9B04-27CAE869740A,11,3
6CEADFDF-2A32-4BDE-9B04-27CAE869740A,33,3
6CEADFDF-2A32-4BDE-9B04-27CAE869740A,36,3
6CECABEC-986F-4140-AD38-5AC03CB94BD2,12,0
6CECABEC-986F-4140-AD38-5AC03CB94BD2,16,1
6CECABEC-986F-4140-AD38-5AC03CB94BD2,25,3
6CECABEC-986F-4140-AD38-5AC03CB94BD2,42,1
6CF0AE31-941D-416F-A7C1-49443C99FE60,6,3
6D2BE769-02B4-4B86-9A3B-AD33D2FC906E,9,1
6D2BE769-02B4-4B86-9A3B-AD33D2FC906E,31,1
6D2BE769-02B4-4B86-9A3B-AD33D2FC906E,44,1
6D2EEAA7-146D-4FFA-9EE9-986F62D020A5,161,3
6D5CDFBC-3C00-45CC-B40C-32EE60BC7741,24,2
6D5CDFBC-3C00-45CC-B40C-32EE60BC7741,52,3
6D6B234A-8874-4A22-94AD-FC071DCC6FD2,33,4
6dc6601c-5be5-4e09-97ef-ffbc75918907,51,2
6E50952D-24DD-4B6D-A16A-0DB90E710280,2,3
6E50952D-24DD-4B6D-A16A-0DB90E710280,41,3
6E60B684-3BDD-4878-B145-6F8CB3D8DD3D,6,2
6E60B684-3BDD-4878-B145-6F8CB3D8DD3D,10,2
6E68477A-8EE8-403E-B87B-767142E1F500,2,2
6E68477A-8EE8-403E-B87B-767142E1F500,14,2
6E68477A-8EE8-403E-B87B-767142E1F500,20,2
6E8C713D-7765-493E-A7F3-5B946EF9EBCC,4,3
6E8C713D-7765-493E-A7F3-5B946EF9EBCC,6,3
6E8C713D-7765-493E-A7F3-5B946EF9EBCC,17,3
6E8C713D-7765-493E-A7F3-5B946EF9EBCC,36,3
6E8C713D-7765-493E-A7F3-5B946EF9EBCC,38,3
6E8C713D-7765-493E-A7F3-5B946EF9EBCC,43,3
6EA6174E-A466-4DFE-BAD4-0FE20A9D9D29,56,3
6EA6174E-A466-4DFE-BAD4-0FE20A9D9D29,57,0
6EBD207A-9062-40E3-B48E-33936317EB3A,6,1
6EBD207A-9062-40E3-B48E-33936317EB3A,12,3
6EBD207A-9062-40E3-B48E-33936317EB3A,13,6
6EBD207A-9062-40E3-B48E-33936317EB3A,18,1
6EBD207A-9062-40E3-B48E-33936317EB3A,22,1
6EBD207A-9062-40E3-B48E-33936317EB3A,39,1
6EBD207A-9062-40E3-B48E-33936317EB3A,42,1
6ED80376-58AC-456C-9B79-D58F2038428A,4,2
6ED80376-58AC-456C-9B79-D58F2038428A,11,3
6ED80376-58AC-456C-9B79-D58F2038428A,33,2
6EE5F244-D697-4FAC-85C0-654D2C91F850,1,2
6EE5F244-D697-4FAC-85C0-654D2C91F850,14,6
6EE5F244-D697-4FAC-85C0-654D2C91F850,37,3
6EE5F244-D697-4FAC-85C0-654D2C91F850,75,3
6EFEECD0-4D36-48F9-81AA-FA7389A59C29,2,3
6EFEECD0-4D36-48F9-81AA-FA7389A59C29,19,3
6EFEECD0-4D36-48F9-81AA-FA7389A59C29,34,3
6EFEECD0-4D36-48F9-81AA-FA7389A59C29,46,3
6F113DB4-EC74-46E9-83B0-2A8209959BEA,9,3
6f64e646-dc77-41e4-ba98-050dc2d611fe,23,1
6f64e646-dc77-41e4-ba98-050dc2d611fe,56,1
6f870497-fd89-40df-a5a8-f4094acf0c4d,1,0
6f870497-fd89-40df-a5a8-f4094acf0c4d,2,0
6f870497-fd89-40df-a5a8-f4094acf0c4d,3,5
6f870497-fd89-40df-a5a8-f4094acf0c4d,7,0
6f870497-fd89-40df-a5a8-f4094acf0c4d,21,0
6FA1FC3D-D131-475F-B67B-3A98592C4421,9,3
6fbe9f62-eb08-4389-b7f7-8f37ca5a3ee6,114,2
6FCBC15F-D3CE-445B-927D-FB9B5A46DED0,9,0
6FF3D612-5B77-437A-B590-093724FD80B9,18,2
6FF3D612-5B77-437A-B590-093724FD80B9,24,2
7026EBC9-2F7F-41EB-BB72-F10CB58AAA4D,13,3
704DD4FB-F048-41E0-B017-91168BC98428,31,3
706F1A38-63F2-48B2-B429-03455D6D9DB5,9,3
706F1A38-63F2-48B2-B429-03455D6D9DB5,18,3
706F1A38-63F2-48B2-B429-03455D6D9DB5,33,3
70B73DC3-42CE-422A-8C3B-D25C8A67667C,7,2
70C95912-06BE-4836-AADE-551BB19356C9,7,3
70D4A881-82AF-489E-A06B-D78040A64E39,3,1
70D4A881-82AF-489E-A06B-D78040A64E39,8,1
70EBF126-7EF6-403B-A59E-A8A8BEDA1348,29,3
70EBF126-7EF6-403B-A59E-A8A8BEDA1348,35,3
70F2F6D9-DB9B-4A55-BD20-32002713B22B,13,3
70F2F6D9-DB9B-4A55-BD20-32002713B22B,39,3
70F2F6D9-DB9B-4A55-BD20-32002713B22B,43,3
7117CC67-FD45-4B11-BA3C-9A0DE124BEA6,9,0
7117CC67-FD45-4B11-BA3C-9A0DE124BEA6,10,0
7117CC67-FD45-4B11-BA3C-9A0DE124BEA6,11,0
7117CC67-FD45-4B11-BA3C-9A0DE124BEA6,12,0
7117CC67-FD45-4B11-BA3C-9A0DE124BEA6,13,0
7117CC67-FD45-4B11-BA3C-9A0DE124BEA6,17,0
7117CC67-FD45-4B11-BA3C-9A0DE124BEA6,24,0
7117CC67-FD45-4B11-BA3C-9A0DE124BEA6,30,0
7135974f-4082-4a9b-b8a8-a3c8dcd7e34f,64,3
7179D836-FFC5-4C99-95D3-5A148A568C17,1,3
7179D836-FFC5-4C99-95D3-5A148A568C17,19,3
71931C42-AB12-4354-BB74-C8D307055463,46,3
71D6E027-999B-4BF5-818C-EA4C573E3543,21,3
71EB6C58-6338-47A0-9F73-899BA412BD6F,7,2
71EB6C58-6338-47A0-9F73-899BA412BD6F,21,4
71EB6C58-6338-47A0-9F73-899BA412BD6F,23,4
71EB6C58-6338-47A0-9F73-899BA412BD6F,28,4
71EB6C58-6338-47A0-9F73-899BA412BD6F,34,2
71EB6C58-6338-47A0-9F73-899BA412BD6F,37,2
71EB6C58-6338-47A0-9F73-899BA412BD6F,41,2
7220623E-C8F1-4AA5-985C-54EEFEE34D9F,6,3
7220623E-C8F1-4AA5-985C-54EEFEE34D9F,9,3
7238C9F7-90F0-4312-AE35-DC4C9A3C817A,4,0
7238C9F7-90F0-4312-AE35-DC4C9A3C817A,13,1
7238C9F7-90F0-4312-AE35-DC4C9A3C817A,22,0
7238C9F7-90F0-4312-AE35-DC4C9A3C817A,24,0
7238C9F7-90F0-4312-AE35-DC4C9A3C817A,31,1
7238C9F7-90F0-4312-AE35-DC4C9A3C817A,36,0
72492D24-73AB-4D2C-9D7D-82FD9045AA53,22,3
72492D24-73AB-4D2C-9D7D-82FD9045AA53,24,3
724C150F-5A09-4CEC-8DA4-ED81FC04A4DC,4,3
72688b3b-8b45-49f9-b221-a4a8cd52fb73,10,3
72688b3b-8b45-49f9-b221-a4a8cd52fb73,18,3
72688b3b-8b45-49f9-b221-a4a8cd52fb73,31,3
72688b3b-8b45-49f9-b221-a4a8cd52fb73,42,3
72688b3b-8b45-49f9-b221-a4a8cd52fb73,101,3
72688b3b-8b45-49f9-b221-a4a8cd52fb73,114,3
72688b3b-8b45-49f9-b221-a4a8cd52fb73,126,3
72900850-7FA4-4CC7-A143-76EE21A01C5C,44,2
72900850-7FA4-4CC7-A143-76EE21A01C5C,64,2
72900850-7FA4-4CC7-A143-76EE21A01C5C,72,2
72900850-7FA4-4CC7-A143-76EE21A01C5C,98,2
72900850-7FA4-4CC7-A143-76EE21A01C5C,107,2
72989549-5499-4725-8510-202a6108a3a3,201,2
72989549-5499-4725-8510-202a6108a3a3,279,0
72989549-5499-4725-8510-202a6108a3a3,326,0
729E973B-BD3A-465C-9B68-FBE7054E108A,24,2
72CC28C8-15BF-4954-80B9-931DBEF685A7,3,3
72CC28C8-15BF-4954-80B9-931DBEF685A7,15,0
72CC28C8-15BF-4954-80B9-931DBEF685A7,21,3
72CC28C8-15BF-4954-80B9-931DBEF685A7,27,3
72D318EA-D187-4A36-B29C-E2D1ABA72837,40,3
72DEC57D-0BB6-4C5D-A280-2E42CD048C35,5,3
72DEC57D-0BB6-4C5D-A280-2E42CD048C35,28,3
72EE2E1C-28C2-4AB2-BB2F-CC2F954A9E17,27,2
7347497a-1908-4213-9039-5153288bee16,9,0
7347497a-1908-4213-9039-5153288bee16,32,1
7347497a-1908-4213-9039-5153288bee16,36,1
7347497a-1908-4213-9039-5153288bee16,54,1
7347497a-1908-4213-9039-5153288bee16,59,1
7347497a-1908-4213-9039-5153288bee16,63,1
73A90B4F-DAA4-4DD0-A463-80DB4921B47F,3,3
73A90B4F-DAA4-4DD0-A463-80DB4921B47F,5,3
73A90B4F-DAA4-4DD0-A463-80DB4921B47F,21,3
73B75060-F966-4CA2-B695-62C877A879CD,2,0
73B75060-F966-4CA2-B695-62C877A879CD,5,0
73B75060-F966-4CA2-B695-62C877A879CD,7,1
73B75060-F966-4CA2-B695-62C877A879CD,8,1
73B75060-F966-4CA2-B695-62C877A879CD,41,1
73CDB49D-A5B2-4069-9A8A-63B97BD02772,5,2
73CDB49D-A5B2-4069-9A8A-63B97BD02772,14,2
740FAE5F-F771-40F1-AA05-3D9C26AB5B62,5,3
740FAE5F-F771-40F1-AA05-3D9C26AB5B62,7,6
740FAE5F-F771-40F1-AA05-3D9C26AB5B62,15,3
740FAE5F-F771-40F1-AA05-3D9C26AB5B62,21,3
742D1CDC-07FC-4DAE-8324-29C789689166,15,0
7437C772-0B49-435B-8BB5-DA860B077502,13,3
7437C772-0B49-435B-8BB5-DA860B077502,47,3
743D8B1D-3DB4-4B98-97E7-643F6C4BF75D,3,2
743EC1C7-77AC-417B-86CC-BF0F72146C11,1,2
743EC1C7-77AC-417B-86CC-BF0F72146C11,8,2
743EC1C7-77AC-417B-86CC-BF0F72146C11,21,2
7443E119-B4FA-4BF3-935F-38E308B3C64E,12,3
745E4ABB-03F8-4F81-A864-5D814E30D0F5,2,2
745E4ABB-03F8-4F81-A864-5D814E30D0F5,20,2
748D2F36-A209-421B-8534-ED5F94E7D67A,2,3
748D2F36-A209-421B-8534-ED5F94E7D67A,8,3
748D2F36-A209-421B-8534-ED5F94E7D67A,21,3
74da9aa0-e3be-4f96-bb88-0dc600d1b7ec,3,0
74E08580-0CD1-4AE7-80F2-117EA98C95B2,13,3
74E08580-0CD1-4AE7-80F2-117EA98C95B2,33,3
74E08580-0CD1-4AE7-80F2-117EA98C95B2,36,3
7500197A-6B26-4CD9-BBE1-37564BFC2126,34,2
7500197A-6B26-4CD9-BBE1-37564BFC2126,37,1
751602D3-E2F2-4B28-B34C-5462E852F115,13,3
751602D3-E2F2-4B28-B34C-5462E852F115,16,2
751602D3-E2F2-4B28-B34C-5462E852F115,39,2
751602D3-E2F2-4B28-B34C-5462E852F115,42,2
751602D3-E2F2-4B28-B34C-5462E852F115,43,2
754889DB-DD9C-426D-864E-4680C900B2C0,2,3
755D2D00-D895-4A0D-834F-ECC03448958D,25,2
755D2D00-D895-4A0D-834F-ECC03448958D,47,2
755D2D00-D895-4A0D-834F-ECC03448958D,50,2
757AA76A-13BE-4D18-8A2A-F112484BCEBB,1,2
757AA76A-13BE-4D18-8A2A-F112484BCEBB,27,2
757AA76A-13BE-4D18-8A2A-F112484BCEBB,76,2
75899D73-4126-48CD-A55F-BBC5BC80B2A2,5,3
75899D73-4126-48CD-A55F-BBC5BC80B2A2,35,3
75C76643-8F6A-4EAB-A7E3-89C64C5B99C1,4,3
75cd1ccc-ffaf-4a02-8b31-228e8db68de9,93,1
75E2EA1C-0A01-48C4-AEB3-F08786D1A232,19,3
75E2EA1C-0A01-48C4-AEB3-F08786D1A232,49,3
75E2EA1C-0A01-48C4-AEB3-F08786D1A232,61,3
75E2EA1C-0A01-48C4-AEB3-F08786D1A232,134,3
75E2EA1C-0A01-48C4-AEB3-F08786D1A232,169,3
75f31177-39d4-4740-a7d4-789887d6f065,27,0
764F25D0-5C2E-4743-98C4-C1F0B5404FCD,10,2
764F25D0-5C2E-4743-98C4-C1F0B5404FCD,24,2
764F25D0-5C2E-4743-98C4-C1F0B5404FCD,47,2
7683F3BE-7B0E-455B-93BD-C42C97D28164,37,3
76A801E5-B6FA-4927-80DD-6980B4B746D5,28,0
76A801E5-B6FA-4927-80DD-6980B4B746D5,46,2
76BFCD59-B369-470A-ACBA-6E236AEDB384,32,2
771906C6-217D-4AB9-A910-A2BDE1B7308F,31,2
779811CF-BAB2-4BEA-9B3A-439F7BC1E6E7,6,2
779811CF-BAB2-4BEA-9B3A-439F7BC1E6E7,9,2
779811CF-BAB2-4BEA-9B3A-439F7BC1E6E7,36,2
779811CF-BAB2-4BEA-9B3A-439F7BC1E6E7,39,0
779811CF-BAB2-4BEA-9B3A-439F7BC1E6E7,48,2
77D77166-71DC-448E-8104-1631CDF6FAD2,5,3
77E8CEE8-19E2-4F32-8F61-55A9EA25B08C,20,3
77E8CEE8-19E2-4F32-8F61-55A9EA25B08C,23,3
77E8CEE8-19E2-4F32-8F61-55A9EA25B08C,29,3
77f94d47-400b-4752-96d4-48f7ee7a9c10,3,3
77f94d47-400b-4752-96d4-48f7ee7a9c10,29,2
77f94d47-400b-4752-96d4-48f7ee7a9c10,141,4
7844E67F-A698-408A-BAA3-797C5AFAECCD,5,3
7844E67F-A698-408A-BAA3-797C5AFAECCD,29,3
7844E67F-A698-408A-BAA3-797C5AFAECCD,35,3
784686F1-76B5-4DDA-BAB5-BD74897AD50C,2,2
784686F1-76B5-4DDA-BAB5-BD74897AD50C,8,2
784686F1-76B5-4DDA-BAB5-BD74897AD50C,40,2
78604F4C-C748-4BD7-93DE-AA1A4F1157E6,22,3
78604F4C-C748-4BD7-93DE-AA1A4F1157E6,39,3
78ACB3B8-F82A-4AAE-AEC3-ACB000E92F65,19,3
78ACB3B8-F82A-4AAE-AEC3-ACB000E92F65,23,3
78BC4C21-2E93-4369-8ACA-6F451BB67239,12,2
78BC4C21-2E93-4369-8ACA-6F451BB67239,24,2
78BC4C21-2E93-4369-8ACA-6F451BB67239,38,2
78D70E0B-41FD-4311-B58F-12B6D897733E,4,3
78D70E0B-41FD-4311-B58F-12B6D897733E,6,0
78D70E0B-41FD-4311-B58F-12B6D897733E,9,0
78D70E0B-41FD-4311-B58F-12B6D897733E,10,0
78D70E0B-41FD-4311-B58F-12B6D897733E,12,0
78D70E0B-41FD-4311-B58F-12B6D897733E,13,0
78D70E0B-41FD-4311-B58F-12B6D897733E,16,0
78D70E0B-41FD-4311-B58F-12B6D897733E,17,0
78D70E0B-41FD-4311-B58F-12B6D897733E,18,0
78D70E0B-41FD-4311-B58F-12B6D897733E,38,0
78D70E0B-41FD-4311-B58F-12B6D897733E,42,0
78DE32CF-B843-4C95-A93A-A5E88777361E,4,3
78DE32CF-B843-4C95-A93A-A5E88777361E,47,3
78f34be1-591e-4f68-ab38-fcd2edb89e39,3,2
78f4ad8f-e548-4cce-8c37-c7164bb88993,43,3
78f4ad8f-e548-4cce-8c37-c7164bb88993,140,3
78f4ad8f-e548-4cce-8c37-c7164bb88993,404,3
78f4ad8f-e548-4cce-8c37-c7164bb88993,451,3
7910BB5E-312A-4F28-8AC9-4D3D23DF554C,2,2
7910BB5E-312A-4F28-8AC9-4D3D23DF554C,5,2
7910BB5E-312A-4F28-8AC9-4D3D23DF554C,7,2
7910BB5E-312A-4F28-8AC9-4D3D23DF554C,19,6
7910BB5E-312A-4F28-8AC9-4D3D23DF554C,34,0
7918C8E0-FCB3-404F-81A8-868DE4CF249B,8,1
7918C8E0-FCB3-404F-81A8-868DE4CF249B,14,1
7918C8E0-FCB3-404F-81A8-868DE4CF249B,15,1
7918C8E0-FCB3-404F-81A8-868DE4CF249B,20,0
7918C8E0-FCB3-404F-81A8-868DE4CF249B,28,1
7918C8E0-FCB3-404F-81A8-868DE4CF249B,34,1
794DE7ED-9D0F-4976-852F-493259431E0F,5,2
794DE7ED-9D0F-4976-852F-493259431E0F,8,0
794DE7ED-9D0F-4976-852F-493259431E0F,23,2
794DE7ED-9D0F-4976-852F-493259431E0F,27,2
79598818-D7F3-4DF5-9F5D-A0B67D83C7E0,1,1
79598818-D7F3-4DF5-9F5D-A0B67D83C7E0,7,1
79598818-D7F3-4DF5-9F5D-A0B67D83C7E0,21,0
79598818-D7F3-4DF5-9F5D-A0B67D83C7E0,29,0
798D50E4-BBA5-4DE7-9677-FDEB0254E416,42,2
798D50E4-BBA5-4DE7-9677-FDEB0254E416,48,2
7991D1AA-686D-474C-BEEB-4D95DC97D640,1,3
7995EA42-62A0-43EE-A914-2139519C0F5F,1,3
7995EA42-62A0-43EE-A914-2139519C0F5F,7,3
7995EA42-62A0-43EE-A914-2139519C0F5F,29,3
79BFE7DF-13D5-4F3A-8BE7-515BDF7811F4,17,3
79BFE7DF-13D5-4F3A-8BE7-515BDF7811F4,25,3
79BFE7DF-13D5-4F3A-8BE7-515BDF7811F4,33,3
79CFDDAD-C1C4-43E0-AFF7-E92353CCB15C,16,2
79D81A7E-2D3E-4A88-89F0-04E67C9131A4,8,3
79D81A7E-2D3E-4A88-89F0-04E67C9131A4,28,3
79D81A7E-2D3E-4A88-89F0-04E67C9131A4,34,3
79D81A7E-2D3E-4A88-89F0-04E67C9131A4,41,3
79D9F20A-1579-4CD5-A8E9-D2AA97621AF7,20,3
79F798BD-2C08-4592-BA87-50B1B22C7E2F,2,3
79F798BD-2C08-4592-BA87-50B1B22C7E2F,28,3
79F798BD-2C08-4592-BA87-50B1B22C7E2F,34,3
7A16904C-82B0-487B-8B85-AD691731A67F,11,2
7A16904C-82B0-487B-8B85-AD691731A67F,17,2
7A16904C-82B0-487B-8B85-AD691731A67F,32,0
7A4C4719-F380-4D27-B822-E5F25446E913,43,3
7A52F581-A9FB-43EA-99BE-DE290840B54B,28,3
7A8E9C53-1495-4EC4-9C62-78C6FCBC6BED,42,3
7A9B7D40-5563-4065-99D4-9C5EF6796E29,17,3
7AAED6D8-68A9-43A4-9721-80B3C2F705C1,3,3
7AAED6D8-68A9-43A4-9721-80B3C2F705C1,29,3
7ACCF1F9-953D-4524-8A2E-029A2FE7783A,4,0
7ACCF1F9-953D-4524-8A2E-029A2FE7783A,6,0
7ACCF1F9-953D-4524-8A2E-029A2FE7783A,9,2
7ACCF1F9-953D-4524-8A2E-029A2FE7783A,24,0
7ACCF1F9-953D-4524-8A2E-029A2FE7783A,54,0
7ACCF1F9-953D-4524-8A2E-029A2FE7783A,99,0
7ACCF1F9-953D-4524-8A2E-029A2FE7783A,100,0
7ACCF1F9-953D-4524-8A2E-029A2FE7783A,122,0
7AEEBD0D-7A4B-4DB2-BD0D-6016A3F4C6BF,5,3
7AEEBD0D-7A4B-4DB2-BD0D-6016A3F4C6BF,23,3
7AEEBD0D-7A4B-4DB2-BD0D-6016A3F4C6BF,40,3
7B1F9BC8-C640-45EF-9272-F613AB6C3F3E,1,3
7B323C1D-6673-4E7D-B415-13B3821FD9B5,56,3
7B36EBAB-920A-4A2B-A8E4-773E612D7F8A,8,3
7B36EBAB-920A-4A2B-A8E4-773E612D7F8A,49,3
7B601BB4-15D6-4101-B158-7D6E8919E7CA,4,3
7B601BB4-15D6-4101-B158-7D6E8919E7CA,11,3
7B601BB4-15D6-4101-B158-7D6E8919E7CA,31,3
7B6F36D3-7B93-4C9B-8368-7D4ED8FAE8C7,7,3
7B6F36D3-7B93-4C9B-8368-7D4ED8FAE8C7,29,3
7B6FD40A-C617-4176-A16A-3E0ED0FD4380,2,3
7B6FD40A-C617-4176-A16A-3E0ED0FD4380,7,3
7B6FD40A-C617-4176-A16A-3E0ED0FD4380,21,3
7B6FD40A-C617-4176-A16A-3E0ED0FD4380,28,3
7BB2C823-654D-4FD2-A36C-83B22E3F219A,23,3
7BD59BDB-8B28-431A-9557-E535A92C5B66,10,2
7BDC71A4-E685-4401-95F0-563995370F7D,1,3
7BDC71A4-E685-4401-95F0-563995370F7D,3,3
7BEC8E87-1D57-4C78-A3CA-9527045ECB24,13,3
7BEC8E87-1D57-4C78-A3CA-9527045ECB24,16,3
7BFDCF10-D4FE-4C17-9022-3BD0FF04C9BC,11,3
7BFDCF10-D4FE-4C17-9022-3BD0FF04C9BC,13,3
7BFDCF10-D4FE-4C17-9022-3BD0FF04C9BC,16,3
7C3705E9-E775-4E24-AA44-9D2F9347928E,6,2
7C3EE885-76E3-459F-9BB0-607364DFF5C8,20,2
7c45f185-d359-46a5-9b23-5069c71efcb1,6,0
7c45f185-d359-46a5-9b23-5069c71efcb1,9,0
7c45f185-d359-46a5-9b23-5069c71efcb1,12,0
7c45f185-d359-46a5-9b23-5069c71efcb1,17,0
7c45f185-d359-46a5-9b23-5069c71efcb1,33,0
7c45f185-d359-46a5-9b23-5069c71efcb1,36,1
7c45f185-d359-46a5-9b23-5069c71efcb1,42,0
7c45f185-d359-46a5-9b23-5069c71efcb1,44,0
7c45f185-d359-46a5-9b23-5069c71efcb1,66,1
7c45f185-d359-46a5-9b23-5069c71efcb1,98,1
7c45f185-d359-46a5-9b23-5069c71efcb1,101,0
7C4614BB-1AF4-4A3F-84C0-138909FFCC6D,10,1
7C4614BB-1AF4-4A3F-84C0-138909FFCC6D,12,6
7C4614BB-1AF4-4A3F-84C0-138909FFCC6D,16,6
7C4614BB-1AF4-4A3F-84C0-138909FFCC6D,18,6
7C4614BB-1AF4-4A3F-84C0-138909FFCC6D,32,6
7C4614BB-1AF4-4A3F-84C0-138909FFCC6D,43,6
7C4614BB-1AF4-4A3F-84C0-138909FFCC6D,45,6
7C4614BB-1AF4-4A3F-84C0-138909FFCC6D,52,6
7c5596ca-5ea7-445d-9f65-e8682e57ef9c,55,3
7c5596ca-5ea7-445d-9f65-e8682e57ef9c,100,2
7C5EA7C5-4ED6-4D3D-AC24-F4EF48354703,5,3
7c770be5-7e24-40c7-9545-47a3148af6d7,1,2
7c770be5-7e24-40c7-9545-47a3148af6d7,2,2
7c770be5-7e24-40c7-9545-47a3148af6d7,3,2
7c770be5-7e24-40c7-9545-47a3148af6d7,14,0
7c770be5-7e24-40c7-9545-47a3148af6d7,34,2
7c770be5-7e24-40c7-9545-47a3148af6d7,49,0
7c770be5-7e24-40c7-9545-47a3148af6d7,62,0
7c770be5-7e24-40c7-9545-47a3148af6d7,71,2
7c770be5-7e24-40c7-9545-47a3148af6d7,79,2
7C92D0FC-0C7D-4B50-85FE-27B2763F5C82,2,3
7C92D0FC-0C7D-4B50-85FE-27B2763F5C82,21,3
7C92D0FC-0C7D-4B50-85FE-27B2763F5C82,40,3
7CA62E25-BFBA-4E61-A494-A7C753FD2B2A,9,2
7cbce6ff-1fcd-4bd6-b73b-714d1736b266,76,0
7cbce6ff-1fcd-4bd6-b73b-714d1736b266,106,0
7cbce6ff-1fcd-4bd6-b73b-714d1736b266,117,0
7cbce6ff-1fcd-4bd6-b73b-714d1736b266,137,0
7cbce6ff-1fcd-4bd6-b73b-714d1736b266,182,0
7cbce6ff-1fcd-4bd6-b73b-714d1736b266,220,0
7cbce6ff-1fcd-4bd6-b73b-714d1736b266,281,0
7cbce6ff-1fcd-4bd6-b73b-714d1736b266,292,0
7CC543CA-BE5C-44EB-BA89-3D0716969E7B,53,3
7cf1f501-8087-4d61-a4dd-a92080606375,2,2
7cf1f501-8087-4d61-a4dd-a92080606375,60,2
7cf1f501-8087-4d61-a4dd-a92080606375,85,2
7CF1FD7D-C488-4C11-A173-F6B7BE8E81B6,8,3
7CFE0851-268B-4798-8E30-B0799CBECFCA,2,0
7CFE0851-268B-4798-8E30-B0799CBECFCA,5,0
7CFE0851-268B-4798-8E30-B0799CBECFCA,7,0
7CFE0851-268B-4798-8E30-B0799CBECFCA,15,0
7CFE0851-268B-4798-8E30-B0799CBECFCA,19,3
7CFE0851-268B-4798-8E30-B0799CBECFCA,20,3
7CFE0851-268B-4798-8E30-B0799CBECFCA,21,0
7CFE0851-268B-4798-8E30-B0799CBECFCA,27,0
7CFE0851-268B-4798-8E30-B0799CBECFCA,28,0
7D1BAC48-FCDF-4655-BFBE-94EBDF724425,2,3
7D1BAC48-FCDF-4655-BFBE-94EBDF724425,7,3
7D2519C2-D738-4A9A-87B6-152C394E28A9,4,2
7D2519C2-D738-4A9A-87B6-152C394E28A9,6,2
7D2519C2-D738-4A9A-87B6-152C394E28A9,11,2
7D2519C2-D738-4A9A-87B6-152C394E28A9,13,2
7D508FA0-A6E4-4EFB-BBF9-9BE21BF944EB,7,3
7D62D61F-5ACC-48C2-BE61-44B1F5FA81FF,6,2
7D62D61F-5ACC-48C2-BE61-44B1F5FA81FF,12,2
7D62D61F-5ACC-48C2-BE61-44B1F5FA81FF,30,2
7DA78A00-2923-479E-B97B-83E9F7A45C30,1,2
7DA78A00-2923-479E-B97B-83E9F7A45C30,5,2
7DA78A00-2923-479E-B97B-83E9F7A45C30,15,2
7DA78A00-2923-479E-B97B-83E9F7A45C30,84,2
7DA78A00-2923-479E-B97B-83E9F7A45C30,90,2
7DB1EF39-D7B8-46EC-9EBF-E7ECF9C58038,3,3
7DB1EF39-D7B8-46EC-9EBF-E7ECF9C58038,19,3
7DB1EF39-D7B8-46EC-9EBF-E7ECF9C58038,69,3
7DEB1253-725D-477A-ADF3-914563605E47,15,3
7DEB1253-725D-477A-ADF3-914563605E47,106,3
7E04FCCD-0FD7-4CAF-BA21-FEEE4159778C,8,3
7E04FCCD-0FD7-4CAF-BA21-FEEE4159778C,41,3
7E59FB14-904C-4D93-929F-A87DA25F1E6D,7,6
7E59FB14-904C-4D93-929F-A87DA25F1E6D,14,2
7e5f2abf-480c-4658-91ae-596abea79ddb,13,2
7e5f2abf-480c-4658-91ae-596abea79ddb,45,2
7e5f2abf-480c-4658-91ae-596abea79ddb,92,2
7e7abdbe-e12c-486d-944a-cfbb4801682c,22,2
7e7abdbe-e12c-486d-944a-cfbb4801682c,48,2
7E7B9C31-5E6C-498E-8C1D-C9C2E25C1BA7,19,2
7E7B9C31-5E6C-498E-8C1D-C9C2E25C1BA7,20,2
7ED7119C-630B-4590-84E1-B7A816D956C4,3,3
7ED7119C-630B-4590-84E1-B7A816D956C4,14,3
7ED7119C-630B-4590-84E1-B7A816D956C4,37,3
7EE01D7A-A03B-4256-9895-C89E02ED96BC,13,0
7F14582C-EFB6-4031-8558-CCF0594FBCAF,13,1
7F14582C-EFB6-4031-8558-CCF0594FBCAF,17,1
7F14582C-EFB6-4031-8558-CCF0594FBCAF,25,2
7F40F20C-A498-4D79-B5EB-C4BFD60EDC2D,48,3
7F40F20C-A498-4D79-B5EB-C4BFD60EDC2D,109,3
7F82BD6A-4969-44F8-B57B-58D846BFCE5A,10,3
7FB335FF-E6F6-43BD-99B3-460C0EF91D60,9,3
7FB335FF-E6F6-43BD-99B3-460C0EF91D60,32,3
7FB335FF-E6F6-43BD-99B3-460C0EF91D60,39,3
7FB335FF-E6F6-43BD-99B3-460C0EF91D60,53,3
8004D8FC-21E7-40A8-896A-B8F3AA9096AD,8,0
8004D8FC-21E7-40A8-896A-B8F3AA9096AD,19,2
8004D8FC-21E7-40A8-896A-B8F3AA9096AD,20,0
8004D8FC-21E7-40A8-896A-B8F3AA9096AD,21,0
8004D8FC-21E7-40A8-896A-B8F3AA9096AD,26,2
8004D8FC-21E7-40A8-896A-B8F3AA9096AD,40,0
80457106-6CE9-41F9-94D5-82D8796C319D,9,2
80457106-6CE9-41F9-94D5-82D8796C319D,22,2
80457106-6CE9-41F9-94D5-82D8796C319D,32,2
80457106-6CE9-41F9-94D5-82D8796C319D,39,2
8079382E-33E8-48DB-B6B0-8894A295C05C,14,3
8079382E-33E8-48DB-B6B0-8894A295C05C,15,3
8079382E-33E8-48DB-B6B0-8894A295C05C,21,3
8079382E-33E8-48DB-B6B0-8894A295C05C,23,3
8079382E-33E8-48DB-B6B0-8894A295C05C,34,3
808C9B3F-3F1B-483C-929F-1039097532BF,11,3
808C9B3F-3F1B-483C-929F-1039097532BF,16,3
808C9B3F-3F1B-483C-929F-1039097532BF,45,3
809fbb4e-6342-4a4b-8bbd-c2d86f261b05,12,0
809fbb4e-6342-4a4b-8bbd-c2d86f261b05,65,3
80c1c9e4-5eca-4ba3-805a-120ab73093d7,66,0
80c1c9e4-5eca-4ba3-805a-120ab73093d7,198,5
80CA32A9-4746-4BBE-BB6B-7E546F59FD73,6,3
80CA32A9-4746-4BBE-BB6B-7E546F59FD73,16,3
80CA32A9-4746-4BBE-BB6B-7E546F59FD73,24,3
80EA2233-59F7-40A4-ABA6-526A8BBD2975,70,2
80EA2233-59F7-40A4-ABA6-526A8BBD2975,80,2
80EC151B-69D2-4037-A730-A75E38280BD2,95,3
81144D1F-B403-4B6D-B7D5-3EAE5B14D0C6,17,3
81144D1F-B403-4B6D-B7D5-3EAE5B14D0C6,31,3
813445FF-1B7E-433F-89B4-800CF6724BC8,16,2
813445FF-1B7E-433F-89B4-800CF6724BC8,30,2
813EC38C-1F74-47F1-BDE9-92732C5504A3,24,3
813EC38C-1F74-47F1-BDE9-92732C5504A3,38,3
813EEF08-4D2E-42FF-A97A-76EEFC955149,8,3
813EEF08-4D2E-42FF-A97A-76EEFC955149,91,3
81622822-1153-46B7-A2E6-C42DC605A39C,17,3
81622822-1153-46B7-A2E6-C42DC605A39C,36,3
81622822-1153-46B7-A2E6-C42DC605A39C,38,3
817F2C77-90C8-49A6-8372-E345A86B08D2,32,2
81BBC8A3-89C5-4A25-B834-2E6CD141AA69,6,2
81BBC8A3-89C5-4A25-B834-2E6CD141AA69,38,2
81BBC8A3-89C5-4A25-B834-2E6CD141AA69,42,2
81BBC8A3-89C5-4A25-B834-2E6CD141AA69,51,2
81BBC8A3-89C5-4A25-B834-2E6CD141AA69,54,2
81C00C8E-955A-41A0-90EC-7864396853FD,12,3
81CB7419-8091-444C-88F9-94F669F1CFDC,9,0
81CB7419-8091-444C-88F9-94F669F1CFDC,13,0
81EF9217-CBC9-400B-86C3-766CA99476ED,38,4
81EF9217-CBC9-400B-86C3-766CA99476ED,47,4
82256E4F-6A58-42CA-8F66-676B56261C64,1,2
82256E4F-6A58-42CA-8F66-676B56261C64,3,2
82256E4F-6A58-42CA-8F66-676B56261C64,15,2
823951AF-C582-4A0F-A7EC-BFA4638D1732,2,3
828B1AE3-55F4-4F19-9333-1A1137B4AFD0,12,2
82C253AF-6FB4-4555-B0CE-2F9B5433D57D,3,3
82C253AF-6FB4-4555-B0CE-2F9B5433D57D,5,3
82C253AF-6FB4-4555-B0CE-2F9B5433D57D,14,3
82C253AF-6FB4-4555-B0CE-2F9B5433D57D,15,3
82C253AF-6FB4-4555-B0CE-2F9B5433D57D,26,3
82C253AF-6FB4-4555-B0CE-2F9B5433D57D,27,3
82D2E38F-12AA-477D-A6A6-C082408A7EB2,111,2
832545B4-D19A-460E-851E-02CA202E2F68,11,2
832545B4-D19A-460E-851E-02CA202E2F68,33,2
834B02C9-1FE4-4AB7-84CE-D2AE7E07CC89,16,3
834B02C9-1FE4-4AB7-84CE-D2AE7E07CC89,25,3
840054BD-92FC-456C-B5EA-5BD81368EA37,2,2
840054BD-92FC-456C-B5EA-5BD81368EA37,20,4
840054BD-92FC-456C-B5EA-5BD81368EA37,28,2
840054BD-92FC-456C-B5EA-5BD81368EA37,46,2
840054BD-92FC-456C-B5EA-5BD81368EA37,60,2
8410D83D-44DD-4717-9B90-F2226B5DC2A9,22,3
8410D83D-44DD-4717-9B90-F2226B5DC2A9,48,3
8410D83D-44DD-4717-9B90-F2226B5DC2A9,51,3
8410D83D-44DD-4717-9B90-F2226B5DC2A9,55,3
8431534F-AC5A-46D5-9484-0464499AE4BA,41,3
84749D7B-E783-45CB-A242-C5FB86ADC673,3,3
84749D7B-E783-45CB-A242-C5FB86ADC673,35,3
8497168B-C110-4233-9334-A33785ADFA3A,1,3
8497168B-C110-4233-9334-A33785ADFA3A,14,3
8497168B-C110-4233-9334-A33785ADFA3A,57,3
84CA77B1-8F83-4038-92A9-CD2698890AA4,10,1
84CA77B1-8F83-4038-92A9-CD2698890AA4,16,0
84CA77B1-8F83-4038-92A9-CD2698890AA4,18,1
84CA77B1-8F83-4038-92A9-CD2698890AA4,24,0
84CA77B1-8F83-4038-92A9-CD2698890AA4,31,0
84DC9AB2-384B-4DE4-9265-FA3A0A5206ED,8,3
84eef9ea-efea-4af0-9e01-ac4a4fef9fdc,56,3
84eef9ea-efea-4af0-9e01-ac4a4fef9fdc,112,0
8519b527-fc75-4b3e-b884-b65090e12a1e,40,3
8519b527-fc75-4b3e-b884-b65090e12a1e,57,3
853144de-cb9e-46ac-a87f-dae79705e6eb,54,2
853144de-cb9e-46ac-a87f-dae79705e6eb,59,2
85A00F37-CCFF-4087-AFE0-ADD79B1B283B,3,3
85A00F37-CCFF-4087-AFE0-ADD79B1B283B,19,3
85A00F37-CCFF-4087-AFE0-ADD79B1B283B,21,3
85A00F37-CCFF-4087-AFE0-ADD79B1B283B,23,3
85A2822D-B7EA-4B63-9EE6-F5416C373665,2,2
85A2822D-B7EA-4B63-9EE6-F5416C373665,14,1
85A2822D-B7EA-4B63-9EE6-F5416C373665,20,2
85C26A0E-C807-4CDC-A905-ED57836AB6C2,9,3
85C26A0E-C807-4CDC-A905-ED57836AB6C2,13,3
85C26A0E-C807-4CDC-A905-ED57836AB6C2,16,3
85C26A0E-C807-4CDC-A905-ED57836AB6C2,53,3
85E51B7C-BF98-4EAA-84E6-DD4850FB045A,5,2
85E51B7C-BF98-4EAA-84E6-DD4850FB045A,15,2
85E51B7C-BF98-4EAA-84E6-DD4850FB045A,35,2
85E51B7C-BF98-4EAA-84E6-DD4850FB045A,49,2
85f8a860-4ffb-44f3-aa2b-17e875a5700c,15,4
86137C5F-48DC-43D7-98FE-CBC97CAED4AC,3,0
86137C5F-48DC-43D7-98FE-CBC97CAED4AC,14,3
86137C5F-48DC-43D7-98FE-CBC97CAED4AC,58,3
861C6C4F-4F84-4EB1-90BF-ACB19F75DD72,39,4
861C6C4F-4F84-4EB1-90BF-ACB19F75DD72,77,4
865F536C-943C-46E2-ADE7-8825431068DC,16,2
865F536C-943C-46E2-ADE7-8825431068DC,47,2
86950D01-D1F0-4942-A5F2-FA22961175CC,7,2
86950D01-D1F0-4942-A5F2-FA22961175CC,34,2
86950D01-D1F0-4942-A5F2-FA22961175CC,40,2
86A41C16-DF8D-4D30-858A-1F6B1D2A37F9,10,3
86A41C16-DF8D-4D30-858A-1F6B1D2A37F9,17,3
86A41C16-DF8D-4D30-858A-1F6B1D2A37F9,31,3
86A41C16-DF8D-4D30-858A-1F6B1D2A37F9,38,3
86E4D7BA-2B79-4588-AD01-EEEBC335F96E,2,2
86FA77CD-2FD5-4A79-8859-0C876411D613,6,2
86FA77CD-2FD5-4A79-8859-0C876411D613,11,1
86FA77CD-2FD5-4A79-8859-0C876411D613,12,1
86FA77CD-2FD5-4A79-8859-0C876411D613,16,1
86FA77CD-2FD5-4A79-8859-0C876411D613,24,1
86FA77CD-2FD5-4A79-8859-0C876411D613,25,0
86FA77CD-2FD5-4A79-8859-0C876411D613,30,0
86FA77CD-2FD5-4A79-8859-0C876411D613,31,0
86FA77CD-2FD5-4A79-8859-0C876411D613,32,1
873849D4-2B60-4F51-93F7-1491409ED672,6,2
873849D4-2B60-4F51-93F7-1491409ED672,16,2
873849D4-2B60-4F51-93F7-1491409ED672,24,2
873849D4-2B60-4F51-93F7-1491409ED672,31,2
873849D4-2B60-4F51-93F7-1491409ED672,44,2
873849D4-2B60-4F51-93F7-1491409ED672,48,2
8749EA47-8211-4286-8498-508172CEF590,2,3
8749EA47-8211-4286-8498-508172CEF590,5,3
8749EA47-8211-4286-8498-508172CEF590,8,3
877BE2CC-8A66-44C8-AE07-58ABD72D281B,9,3
87B0EBFF-2CB7-4D9C-9DC6-EE585906488B,21,2
87B8D315-4BCA-4288-8BAD-D03483990E9D,15,3
87B8D315-4BCA-4288-8BAD-D03483990E9D,23,3
87cf242f-c796-4738-8049-afc5615e4392,64,3
87D25FD5-60E3-4FBA-985A-41DDBB9C93A3,11,3
87D25FD5-60E3-4FBA-985A-41DDBB9C93A3,31,3
87D25FD5-60E3-4FBA-985A-41DDBB9C93A3,44,3
87D25FD5-60E3-4FBA-985A-41DDBB9C93A3,47,3
882EDA06-EBD9-48A8-821E-60FC8F55EF75,9,3
882EDA06-EBD9-48A8-821E-60FC8F55EF75,36,3
88AF90ED-E821-47C7-B801-447E68495AF0,2,2
88C70DCB-61D7-47E0-987B-41C90591A7F3,24,2
88C70DCB-61D7-47E0-987B-41C90591A7F3,31,2
88D17D5F-BDA1-4D91-8E3B-4FF1DF681B43,12,3
88D17D5F-BDA1-4D91-8E3B-4FF1DF681B43,18,3
88D17D5F-BDA1-4D91-8E3B-4FF1DF681B43,42,3
88FBA6AA-6A27-4BE2-A315-2CD4EB607841,6,0
88FBA6AA-6A27-4BE2-A315-2CD4EB607841,12,3
8925D5CD-F5A4-4C53-9BBD-AE522182A85E,31,2
89368539-6630-4656-AF78-00A4EFF43A7B,83,3
893B151B-DE79-4789-B129-EE1A515F71E6,11,2
893B151B-DE79-4789-B129-EE1A515F71E6,17,3
894D4544-14D3-4F23-9059-0BD4F308B5B5,15,3
894D4544-14D3-4F23-9059-0BD4F308B5B5,21,0
894D4544-14D3-4F23-9059-0BD4F308B5B5,26,3
894D4544-14D3-4F23-9059-0BD4F308B5B5,28,3
8956a124-b9b1-421d-a91c-3ccc4eb8d4c5,47,3
8956a124-b9b1-421d-a91c-3ccc4eb8d4c5,125,3
896346F4-8118-43DD-AA0C-58A60C9DA1EF,142,2
898183F7-F5FA-4C16-B25C-CB7C71A3B5D9,18,3
89ee9aff-93d0-48b9-a857-4e6cc5336719,2,1
89ee9aff-93d0-48b9-a857-4e6cc5336719,26,2
89ee9aff-93d0-48b9-a857-4e6cc5336719,58,4
89ee9aff-93d0-48b9-a857-4e6cc5336719,62,2
89FE3B55-8C95-4B74-A4D4-DCA53684359A,2,0
89FE3B55-8C95-4B74-A4D4-DCA53684359A,5,0
89FE3B55-8C95-4B74-A4D4-DCA53684359A,19,1
89FE3B55-8C95-4B74-A4D4-DCA53684359A,21,1
89FE3B55-8C95-4B74-A4D4-DCA53684359A,23,1
89FE3B55-8C95-4B74-A4D4-DCA53684359A,40,0
89FE3B55-8C95-4B74-A4D4-DCA53684359A,58,1
89FE3B55-8C95-4B74-A4D4-DCA53684359A,61,1
89FE3B55-8C95-4B74-A4D4-DCA53684359A,62,1
8A1BCFCF-55C1-495E-AC0C-9DBBCBC8EEBB,9,2
8A267248-3EFC-4F6B-B0F2-9117534F86F6,60,3
8A3192E9-3E1C-4E46-9CD5-530CAF36E6AD,1,3
8A3192E9-3E1C-4E46-9CD5-530CAF36E6AD,21,3
8A519A79-66CA-4E6E-9559-1455FEB8BB7D,2,3
8A6C3D1D-9150-43CD-B9DC-2BB99411AB5A,25,2
8A6C3D1D-9150-43CD-B9DC-2BB99411AB5A,36,2
8AA5951C-80C2-4C91-803C-A2294A03B4DD,2,3
8AC223C6-1A70-49B0-A9DB-3ED7168D450D,33,3
8AC223C6-1A70-49B0-A9DB-3ED7168D450D,39,3
8ac47ff0-4951-4273-bf3d-83e2d6d450ca,2,3
8ac47ff0-4951-4273-bf3d-83e2d6d450ca,61,3
8ac47ff0-4951-4273-bf3d-83e2d6d450ca,69,2
8AE94064-6A28-423A-B36B-8F6CF6287F8B,43,0
8AFC0DC3-F369-4041-B100-837CC9F41430,2,0
8AFC0DC3-F369-4041-B100-837CC9F41430,7,2
8AFC0DC3-F369-4041-B100-837CC9F41430,20,2
8AFC0DC3-F369-4041-B100-837CC9F41430,26,2
8B1B55EE-363F-48FA-81C4-E0B58CC97B93,13,3
8B1B55EE-363F-48FA-81C4-E0B58CC97B93,31,3
8B1B55EE-363F-48FA-81C4-E0B58CC97B93,33,3
8B1B55EE-363F-48FA-81C4-E0B58CC97B93,39,3
8B282BA3-6093-4819-A200-0C3F863AB793,12,0
8B282BA3-6093-4819-A200-0C3F863AB793,32,2
8B282BA3-6093-4819-A200-0C3F863AB793,39,0
8b31d592-0640-42b6-9539-a4d4e45b68a1,12,3
8b31d592-0640-42b6-9539-a4d4e45b68a1,68,3
8B61B08A-BC6C-496A-A6B9-5C22844B15A8,8,2
8B61B08A-BC6C-496A-A6B9-5C22844B15A8,14,6
8B61B08A-BC6C-496A-A6B9-5C22844B15A8,58,2
8B6391E1-9F4E-4399-BE22-983F4E28C373,8,6
8B9C81D5-D2A5-4523-92AF-0C30295B7B15,6,0
8B9C81D5-D2A5-4523-92AF-0C30295B7B15,11,2
8BAE5ED9-4B3D-470E-8D5E-4FD4B0F38BAE,57,4
8BB3A8A9-3E7D-428D-B1D1-6C9AB699184F,4,3
8BDE92D6-B297-4E6A-9ADF-6BD75DB6EE4B,82,3
8BDE92D6-B297-4E6A-9ADF-6BD75DB6EE4B,84,3
8BDE92D6-B297-4E6A-9ADF-6BD75DB6EE4B,103,3
8C2588A7-C038-4989-833E-85DF4A868966,13,3
8C2588A7-C038-4989-833E-85DF4A868966,39,3
8C2588A7-C038-4989-833E-85DF4A868966,44,3
8C383D2D-4000-4D63-A98C-63D192031546,15,3
8C383D2D-4000-4D63-A98C-63D192031546,37,3
8C3B7A76-A90E-4190-85A6-D7997E1CD5A2,16,2
8C3B7A76-A90E-4190-85A6-D7997E1CD5A2,33,2
8C3E4542-098A-41CB-A2CB-442DB13FE1F9,42,4
8C3E4542-098A-41CB-A2CB-442DB13FE1F9,48,4
8C3E4542-098A-41CB-A2CB-442DB13FE1F9,53,4
8C4200CA-A79D-45B8-83C4-E204C4CCEF36,22,0
8C4200CA-A79D-45B8-83C4-E204C4CCEF36,30,0
8C4200CA-A79D-45B8-83C4-E204C4CCEF36,31,0
8C4200CA-A79D-45B8-83C4-E204C4CCEF36,38,0
8C4200CA-A79D-45B8-83C4-E204C4CCEF36,42,0
8C6546F4-87C1-4298-A2A2-F095A820994A,2,3
8C6546F4-87C1-4298-A2A2-F095A820994A,23,3
8C6546F4-87C1-4298-A2A2-F095A820994A,27,3
8C6546F4-87C1-4298-A2A2-F095A820994A,49,3
8C95F24A-3381-4C52-BE0C-287D1A3E8BC4,10,3
8C95F24A-3381-4C52-BE0C-287D1A3E8BC4,12,3
8C95F24A-3381-4C52-BE0C-287D1A3E8BC4,17,3
8C95F24A-3381-4C52-BE0C-287D1A3E8BC4,30,3
8C95F24A-3381-4C52-BE0C-287D1A3E8BC4,32,3
8CA630ED-5D73-4E90-8E40-9868FC43BA52,5,3
8CA630ED-5D73-4E90-8E40-9868FC43BA52,14,3
8CA630ED-5D73-4E90-8E40-9868FC43BA52,15,0
8CAE38BF-8E50-487C-911C-40C5C826733D,10,3
8CAE38BF-8E50-487C-911C-40C5C826733D,11,3
8CAE38BF-8E50-487C-911C-40C5C826733D,13,3
8CAE38BF-8E50-487C-911C-40C5C826733D,16,3
8CAE38BF-8E50-487C-911C-40C5C826733D,17,3
8CAE38BF-8E50-487C-911C-40C5C826733D,22,3
8CCFC447-20B8-42F3-995C-6B8901886656,5,3
8D361F4B-B6CB-424B-AE23-EF031FC766DD,26,3
8D3C7031-D755-44BC-AC79-BDA4D3CADCFF,45,3
8D3C7031-D755-44BC-AC79-BDA4D3CADCFF,53,3
8d5809af-32b1-4d5a-a54c-ff3fb0116078,52,3
8d5809af-32b1-4d5a-a54c-ff3fb0116078,66,3
8d5809af-32b1-4d5a-a54c-ff3fb0116078,127,3
8D678FF9-65F2-438D-82DD-1BBCB6F39BBA,4,2
8D678FF9-65F2-438D-82DD-1BBCB6F39BBA,11,2
8D678FF9-65F2-438D-82DD-1BBCB6F39BBA,31,2
8d771c53-a7b8-4e0d-9618-08cf92636c39,1,3
8D9D6C17-58CF-4A9B-A34A-3D0CB1049DD3,18,3
8D9D6C17-58CF-4A9B-A34A-3D0CB1049DD3,30,3
8D9D6C17-58CF-4A9B-A34A-3D0CB1049DD3,36,3
8DA962F6-9A20-4236-8375-14520A116D96,2,0
8DA962F6-9A20-4236-8375-14520A116D96,3,0
8DA962F6-9A20-4236-8375-14520A116D96,5,0
8DA962F6-9A20-4236-8375-14520A116D96,7,1
8DA962F6-9A20-4236-8375-14520A116D96,8,3
8DA962F6-9A20-4236-8375-14520A116D96,14,3
8DA962F6-9A20-4236-8375-14520A116D96,21,0
8DA962F6-9A20-4236-8375-14520A116D96,23,3
8DA962F6-9A20-4236-8375-14520A116D96,34,3
8DA962F6-9A20-4236-8375-14520A116D96,37,0
8dd3b757-1a41-4884-b589-4bf3d0c0bcc9,23,2
8dd3b757-1a41-4884-b589-4bf3d0c0bcc9,29,2
8dd3b757-1a41-4884-b589-4bf3d0c0bcc9,35,2
8DE9CAC6-1578-4FBB-BAC2-FE5F51B4082D,14,3
8DE9CAC6-1578-4FBB-BAC2-FE5F51B4082D,26,3
8DE9CAC6-1578-4FBB-BAC2-FE5F51B4082D,28,3
8DE9CAC6-1578-4FBB-BAC2-FE5F51B4082D,35,3
8DEB2AE8-2ACA-4089-BB32-104E3C15B680,7,3
8DEB2AE8-2ACA-4089-BB32-104E3C15B680,14,0
8DEB2AE8-2ACA-4089-BB32-104E3C15B680,21,3
8DEB2AE8-2ACA-4089-BB32-104E3C15B680,85,3
8E2181C3-7C4A-4AE5-9134-00F45D9F2379,23,3
8E2181C3-7C4A-4AE5-9134-00F45D9F2379,34,3
8e2c63ed-9aa5-49e0-b3b0-d11790c4c471,109,3
8e2c63ed-9aa5-49e0-b3b0-d11790c4c471,122,3
8E724A2D-8DB5-4C74-B80F-0573EC6BE909,24,3
8E88C679-6169-4E4E-84B8-88048103B995,37,2
8E8A02C1-985E-4E05-988F-CE270194778B,7,3
8EDF6552-C636-4737-9964-373C9781013B,54,3
8EEF93ED-5641-463D-947D-A8CBC2F0C57D,2,1
8EEF93ED-5641-463D-947D-A8CBC2F0C57D,28,2
8F942DCE-21AD-4B2C-8FE7-4722A411BE30,1,3
8F942DCE-21AD-4B2C-8FE7-4722A411BE30,21,3
8F942DCE-21AD-4B2C-8FE7-4722A411BE30,29,3
8FD9905A-B2AB-47CD-9E1F-40B1620862D2,5,3
8FD9905A-B2AB-47CD-9E1F-40B1620862D2,15,3
8FD9905A-B2AB-47CD-9E1F-40B1620862D2,26,3
8FDA7644-8506-409F-AA4C-401679EF35C9,8,2
8FE30237-DD52-41AB-9F7D-E98CFE3CD1D6,1,2
901E7D00-64EA-4072-9054-CDFA45363E62,1,0
90243639-58ab-4bea-8322-474b9d8fbce3,22,2
90243639-58ab-4bea-8322-474b9d8fbce3,63,2
903E62B4-4917-431D-AD33-1D28513DC8D6,47,3
9046C8AA-13F5-458B-8562-50CC1A3F1E43,2,2
90877755-2051-4198-8158-20B4F44A7931,12,0
90877755-2051-4198-8158-20B4F44A7931,22,2
90A4B226-BAC3-4626-B898-A65EC701777A,12,6
90A4B226-BAC3-4626-B898-A65EC701777A,17,2
90A4B226-BAC3-4626-B898-A65EC701777A,32,2
90A8A4CF-BD33-44D0-9EEB-A507F48577A6,11,2
90A8A4CF-BD33-44D0-9EEB-A507F48577A6,16,3
90A8A4CF-BD33-44D0-9EEB-A507F48577A6,18,3
90A8C41D-98C9-482D-8F45-6E3EE307993B,41,3
90A8C41D-98C9-482D-8F45-6E3EE307993B,88,3
90B44B08-7E52-460B-9D90-D0CEAECFBA55,43,3
90B44B08-7E52-460B-9D90-D0CEAECFBA55,48,3
90B44B08-7E52-460B-9D90-D0CEAECFBA55,59,3
90be56e1-40ac-49cf-a969-efabc34090da,5,2
90be56e1-40ac-49cf-a969-efabc34090da,8,2
90be56e1-40ac-49cf-a969-efabc34090da,20,2
90be56e1-40ac-49cf-a969-efabc34090da,23,0
90be56e1-40ac-49cf-a969-efabc34090da,26,0
90be56e1-40ac-49cf-a969-efabc34090da,28,0
90be56e1-40ac-49cf-a969-efabc34090da,35,2
90be56e1-40ac-49cf-a969-efabc34090da,57,1
90be56e1-40ac-49cf-a969-efabc34090da,75,2
90be56e1-40ac-49cf-a969-efabc34090da,83,0
90be56e1-40ac-49cf-a969-efabc34090da,88,0
90E1B5B3-3253-48F2-9A36-C632CAF4A215,6,3
90E1B5B3-3253-48F2-9A36-C632CAF4A215,11,0
910F47C6-BC29-4CCF-B901-BD9520B0EC30,60,4
912AAA51-D81F-4E63-80BA-F1DEB9F7C0BA,16,2
91A185CF-C70A-4815-A030-4BB665891FD9,4,2
91A185CF-C70A-4815-A030-4BB665891FD9,9,2
91A185CF-C70A-4815-A030-4BB665891FD9,12,2
91A185CF-C70A-4815-A030-4BB665891FD9,18,2
91A185CF-C70A-4815-A030-4BB665891FD9,44,2
91A185CF-C70A-4815-A030-4BB665891FD9,50,2
91B96541-BBB7-49FE-AA8F-B0590D0E673E,8,3
91D928A9-599C-45F2-B118-695C1E985797,7,3
91D928A9-599C-45F2-B118-695C1E985797,29,3
91E0B3A5-9193-4A92-8BB5-ACFA9E6DB9D9,8,3
91E0B3A5-9193-4A92-8BB5-ACFA9E6DB9D9,21,3
92138947-8050-43CF-B131-250EA37EE817,51,3
92138947-8050-43CF-B131-250EA37EE817,53,3
92E4DE7A-8051-4AD1-8E37-D3807614D4AB,16,3
92E4DE7A-8051-4AD1-8E37-D3807614D4AB,30,3
92E4DE7A-8051-4AD1-8E37-D3807614D4AB,99,3
92f845f0-ae77-49aa-a913-237e40c05cfc,122,3
92f845f0-ae77-49aa-a913-237e40c05cfc,140,3
92FA3C8D-681C-45CA-8884-8653ECB24620,5,2
92FFA6F8-21AD-4D70-803E-ED02AF33C0F8,4,3
92FFA6F8-21AD-4D70-803E-ED02AF33C0F8,10,3
92FFA6F8-21AD-4D70-803E-ED02AF33C0F8,17,3
93262A91-DD85-47A6-9317-CFF91E1FD681,10,3
93262A91-DD85-47A6-9317-CFF91E1FD681,51,3
935942E9-121E-49C5-A38D-2460D54B311E,1,3
9365C5F9-61B4-466B-A007-6EA3FD8249B7,13,3
9365C5F9-61B4-466B-A007-6EA3FD8249B7,17,3
936A4DAC-321D-4C8C-AA58-90ECC0560DA7,133,3
9379997F-24C0-471E-BEB0-993401E15BF3,6,2
9379997F-24C0-471E-BEB0-993401E15BF3,9,2
9379997F-24C0-471E-BEB0-993401E15BF3,16,2
9379997F-24C0-471E-BEB0-993401E15BF3,25,0
93856970-A3FB-44FC-9519-D394C0802076,6,2
93856970-A3FB-44FC-9519-D394C0802076,22,2
93856970-A3FB-44FC-9519-D394C0802076,24,2
938C74CA-F7C7-45E9-B257-7EFD4F2C55FA,5,2
938C74CA-F7C7-45E9-B257-7EFD4F2C55FA,29,2
938C74CA-F7C7-45E9-B257-7EFD4F2C55FA,34,2
938C74CA-F7C7-45E9-B257-7EFD4F2C55FA,40,2
93982496-8772-4F3E-BA15-DE5938840203,12,3
93982496-8772-4F3E-BA15-DE5938840203,31,3
939D56B7-C6AA-486C-A877-415181BF7940,2,6
939D56B7-C6AA-486C-A877-415181BF7940,14,2
939D56B7-C6AA-486C-A877-415181BF7940,28,6
93fb2bff-44d6-4f9b-8ffd-434aca517985,24,2
94031850-22D1-4478-8B31-E5849D1020D4,8,3
9404A246-4924-4521-A656-A396BB376325,24,3
940ab8c8-f3e9-4d17-b6af-467577234e10,119,3
940DA4CD-986D-469D-AD74-55DD3BF869A4,27,2
940DA4CD-986D-469D-AD74-55DD3BF869A4,29,2
94AC1AE0-D718-4563-A0C8-E3F6C710E56E,6,3
94AC1AE0-D718-4563-A0C8-E3F6C710E56E,11,3
94BDC11F-33D6-49AC-B61C-6EEBD37E7250,10,1
94BDC11F-33D6-49AC-B61C-6EEBD37E7250,13,1
94E0D3CE-BF37-41BE-8246-E18F61432043,2,2
94E7AB02-F5F5-4E47-9A08-F0AA4F59E682,22,3
94E7AB02-F5F5-4E47-9A08-F0AA4F59E682,30,0
9512CBBC-14EF-446A-A5AE-4F8DD319BAB3,29,2
95152D29-19D0-4A27-81FC-6D3D47493B42,6,2
95152D29-19D0-4A27-81FC-6D3D47493B42,10,3
95152D29-19D0-4A27-81FC-6D3D47493B42,30,2
95152D29-19D0-4A27-81FC-6D3D47493B42,64,2
951bb3b9-f98c-430a-9913-f763914badbd,12,3
951bb3b9-f98c-430a-9913-f763914badbd,18,3
951bb3b9-f98c-430a-9913-f763914badbd,54,3
95583A61-49A5-45B0-960B-35B1FDA6CD74,8,3
95583A61-49A5-45B0-960B-35B1FDA6CD74,21,3
95583A61-49A5-45B0-960B-35B1FDA6CD74,79,3
95622781-11CA-4BBD-8481-41276ECC4AB9,8,0
95622781-11CA-4BBD-8481-41276ECC4AB9,19,2
95622781-11CA-4BBD-8481-41276ECC4AB9,20,0
95622781-11CA-4BBD-8481-41276ECC4AB9,26,0
95a60d36-5a2e-4d83-a728-31cb5f631aba,107,3
95a60d36-5a2e-4d83-a728-31cb5f631aba,130,3
95AC7B5E-65C4-4A5F-8749-4293345B109C,14,2
963D8EAC-25D6-4D37-9F8F-E6734C57F71E,1,3
963D8EAC-25D6-4D37-9F8F-E6734C57F71E,7,2
96664DDA-755C-427F-A401-18105A07EB8D,8,3
96664DDA-755C-427F-A401-18105A07EB8D,14,3
96682416-E098-40A0-9069-F67D1872DA00,9,3
96682416-E098-40A0-9069-F67D1872DA00,18,3
9708D2E4-0B8C-41D4-BAB3-A6246DCF48E2,6,3
973ab7d9-3ba1-4ac3-ae41-48c8f5eda2b8,51,3
973ab7d9-3ba1-4ac3-ae41-48c8f5eda2b8,65,3
97BAC731-A4A0-4EB7-AA8A-8B31BC2D5C8B,2,3
97BAC731-A4A0-4EB7-AA8A-8B31BC2D5C8B,7,3
97BAC731-A4A0-4EB7-AA8A-8B31BC2D5C8B,14,3
97E23AAF-5187-4F87-8A16-1881B57B83BD,13,4
97E23AAF-5187-4F87-8A16-1881B57B83BD,32,6
97E23AAF-5187-4F87-8A16-1881B57B83BD,42,4
97E9B03C-8824-46F0-9507-2886453739AC,46,3
97E9B03C-8824-46F0-9507-2886453739AC,57,3
97FC0760-9988-411F-ABF5-D5999EA03EC6,44,2
97FC0760-9988-411F-ABF5-D5999EA03EC6,123,2
9855C5D3-76B9-4C77-8AC8-B0978CBF4D59,10,3
9858FDCC-FAC4-42AD-9F8F-F052277EDBAD,3,1
9858FDCC-FAC4-42AD-9F8F-F052277EDBAD,7,1
9858FDCC-FAC4-42AD-9F8F-F052277EDBAD,23,1
9879AB5C-C228-41FE-A682-3F9185260A5F,6,3
9879AB5C-C228-41FE-A682-3F9185260A5F,9,3
9879AB5C-C228-41FE-A682-3F9185260A5F,11,3
9879AB5C-C228-41FE-A682-3F9185260A5F,18,3
9879AB5C-C228-41FE-A682-3F9185260A5F,22,3
9879AB5C-C228-41FE-A682-3F9185260A5F,24,3
9879AB5C-C228-41FE-A682-3F9185260A5F,38,3
9883189c-93cd-4a84-9ba4-48a7c2bdd21a,17,2
9883189c-93cd-4a84-9ba4-48a7c2bdd21a,52,2
9883189c-93cd-4a84-9ba4-48a7c2bdd21a,86,2
9883189c-93cd-4a84-9ba4-48a7c2bdd21a,100,2
98ADA792-27ED-4AC4-9A65-E790076B0AFD,33,3
98ADA792-27ED-4AC4-9A65-E790076B0AFD,64,3
98B5CE4D-E8C3-4E72-A940-D737682474B2,41,3
98C04809-8E75-45A4-9DB5-F71858D19E19,26,1
98C04809-8E75-45A4-9DB5-F71858D19E19,29,1
98C2F3C5-DCFE-4881-BEA1-F6145AD0330C,6,0
98C2F3C5-DCFE-4881-BEA1-F6145AD0330C,10,0
98C2F3C5-DCFE-4881-BEA1-F6145AD0330C,11,0
98C2F3C5-DCFE-4881-BEA1-F6145AD0330C,12,0
98C2F3C5-DCFE-4881-BEA1-F6145AD0330C,17,0
98C2F3C5-DCFE-4881-BEA1-F6145AD0330C,18,0
98C2F3C5-DCFE-4881-BEA1-F6145AD0330C,30,0
990AABB6-C89D-444A-93EA-378EAECBE161,5,6
990AABB6-C89D-444A-93EA-378EAECBE161,34,2
990D0F7F-1991-447B-9367-90FF0EB18FFE,2,3
990D0F7F-1991-447B-9367-90FF0EB18FFE,27,2
990D0F7F-1991-447B-9367-90FF0EB18FFE,35,3
991324C6-0284-45C1-84B0-729BED1F249D,16,3
9921136c-2bc6-48d4-beeb-5a9975466dda,42,1
99257AB2-2532-43AC-9EF7-A4C1048380E7,3,0
9948F67C-FED5-448B-8255-EEE156C3FD24,43,0
994F6471-9364-4E48-82CF-F0141803B7A3,7,3
994F6471-9364-4E48-82CF-F0141803B7A3,62,3
994F6471-9364-4E48-82CF-F0141803B7A3,69,2
9952F3A8-C248-405B-B84C-3FAD7C553C10,11,3
996E91FD-1979-4B26-AEE0-6EDD2B9BA860,12,0
99B552A6-EDE9-489E-878F-89545DC25003,53,3
99B552A6-EDE9-489E-878F-89545DC25003,70,2
9a0147f1-2f3f-48b0-ae44-07c449cfb5f2,8,3
9a0147f1-2f3f-48b0-ae44-07c449cfb5f2,90,3
9A5AD3BB-B3F9-4322-9D16-51BD1D51F8FE,144,2
9AB20059-FFE7-4C1B-AEDE-993911D1D5AA,22,3
9AB64035-7A92-484C-B6E5-E4240E243E28,20,3
9AD475BC-3461-4B07-AE10-63BEC013A02B,2,2
9AD475BC-3461-4B07-AE10-63BEC013A02B,21,2
9AD475BC-3461-4B07-AE10-63BEC013A02B,56,2
9ADCBAD5-5DF0-4641-9243-2497827462CB,18,3
9AE2605B-F899-4108-8D96-608679C116B1,2,3
9AE2605B-F899-4108-8D96-608679C116B1,8,3
9AE2605B-F899-4108-8D96-608679C116B1,37,2
9AE2605B-F899-4108-8D96-608679C116B1,60,2
9AE2605B-F899-4108-8D96-608679C116B1,105,2
9ae289fa-9844-4395-8566-9c87554d4e8d,6,2
9ae289fa-9844-4395-8566-9c87554d4e8d,17,2
9AF77F88-C53F-4BB6-8482-41E0150DBAFE,30,2
9AF77F88-C53F-4BB6-8482-41E0150DBAFE,44,4
9AF77F88-C53F-4BB6-8482-41E0150DBAFE,86,2
9AFF0567-B1A8-424C-8789-27F3AAA5C7AE,25,2
9AFF0567-B1A8-424C-8789-27F3AAA5C7AE,31,2
9B234CA4-D2E8-4D47-8ABB-DE4E0CDA2614,1,3
9B234CA4-D2E8-4D47-8ABB-DE4E0CDA2614,5,3
9B551FDB-8FE5-4483-AB36-725CE6F938E5,2,3
9B551FDB-8FE5-4483-AB36-725CE6F938E5,5,3
9B551FDB-8FE5-4483-AB36-725CE6F938E5,26,3
9b555688-ea79-472d-a802-85b649537a3f,92,4
9B5A1D97-7CBE-4967-95D2-1C0DA857FE8A,15,3
9B681E47-0DCA-4BE6-A3C0-753965BDD65E,24,1
9B681E47-0DCA-4BE6-A3C0-753965BDD65E,64,1
9B681E47-0DCA-4BE6-A3C0-753965BDD65E,66,1
9B681E47-0DCA-4BE6-A3C0-753965BDD65E,72,1
9B681E47-0DCA-4BE6-A3C0-753965BDD65E,80,3
9B6A2B64-B6EE-48A2-9EA5-369CD6A8CAD4,17,3
9B6A2B64-B6EE-48A2-9EA5-369CD6A8CAD4,18,3
9B811E51-B6B6-4EBC-8174-7553422D6453,9,3
9B8D28FB-51E0-43E6-A834-6B03215F2826,11,2
9BB9EA17-3252-4124-8947-9533DD65E8A5,2,2
9BB9EA17-3252-4124-8947-9533DD65E8A5,21,2
9BB9EA17-3252-4124-8947-9533DD65E8A5,23,2
9BCF272F-82C2-43C6-9669-17E476880957,46,3
9BD0008E-951F-4F5D-ACB1-DDB19EB6DD53,12,3
9BD0008E-951F-4F5D-ACB1-DDB19EB6DD53,24,3
9BFE5F1E-9C42-405E-A52C-EE2CDBAE73BF,2,3
9BFE5F1E-9C42-405E-A52C-EE2CDBAE73BF,7,3
9C0A30FC-8A06-4EF5-AC61-170D7206BBE1,4,0
9C0A30FC-8A06-4EF5-AC61-170D7206BBE1,6,0
9C0A30FC-8A06-4EF5-AC61-170D7206BBE1,9,0
9C0A30FC-8A06-4EF5-AC61-170D7206BBE1,13,0
9C0A30FC-8A06-4EF5-AC61-170D7206BBE1,17,0
9C0A30FC-8A06-4EF5-AC61-170D7206BBE1,18,0
9C0A30FC-8A06-4EF5-AC61-170D7206BBE1,22,0
9C0A30FC-8A06-4EF5-AC61-170D7206BBE1,24,0
9C0A30FC-8A06-4EF5-AC61-170D7206BBE1,30,0
9C0A30FC-8A06-4EF5-AC61-170D7206BBE1,31,0
9C276F49-86F5-4C8C-A6DE-EBB837BE2DC3,15,3
9C276F49-86F5-4C8C-A6DE-EBB837BE2DC3,20,3
9C276F49-86F5-4C8C-A6DE-EBB837BE2DC3,41,3
9C276F49-86F5-4C8C-A6DE-EBB837BE2DC3,96,3
9C276F49-86F5-4C8C-A6DE-EBB837BE2DC3,102,3
9C34C69D-82C4-40B5-9203-34BD1F081AE5,1,3
9C377B9F-F8BD-429B-8F67-D2D0C853CDA6,2,3
9C3E6304-6B96-4E03-BA94-5AF571A5AE68,4,3
9C3E6304-6B96-4E03-BA94-5AF571A5AE68,24,3
9C829737-2D60-490C-951B-2DFE438A1BE7,6,2
9C829737-2D60-490C-951B-2DFE438A1BE7,10,2
9C829737-2D60-490C-951B-2DFE438A1BE7,43,2
9C8EC47B-BA3A-43F3-B623-1DA79F4285C3,20,3
9CA153CE-073E-411B-9090-FDB2C77AE5F2,9,0
9CA153CE-073E-411B-9090-FDB2C77AE5F2,11,1
9CA153CE-073E-411B-9090-FDB2C77AE5F2,12,1
9CA153CE-073E-411B-9090-FDB2C77AE5F2,13,1
9CA153CE-073E-411B-9090-FDB2C77AE5F2,22,0
9CA153CE-073E-411B-9090-FDB2C77AE5F2,24,0
9CA153CE-073E-411B-9090-FDB2C77AE5F2,25,1
9CA153CE-073E-411B-9090-FDB2C77AE5F2,30,0
9CA153CE-073E-411B-9090-FDB2C77AE5F2,31,0
9CA153CE-073E-411B-9090-FDB2C77AE5F2,39,1
9CE219E0-3B44-4EE7-9726-3B62FA042763,4,3
9CE219E0-3B44-4EE7-9726-3B62FA042763,6,3
9CE219E0-3B44-4EE7-9726-3B62FA042763,12,3
9CE41B60-9B85-480F-90DF-68586619E2A4,19,0
9CE41B60-9B85-480F-90DF-68586619E2A4,20,3
9CE41B60-9B85-480F-90DF-68586619E2A4,21,3
9CE41B60-9B85-480F-90DF-68586619E2A4,34,3
9CEED4B3-1EC4-4C80-99B6-580FEB4BB58C,2,2
9D0507E0-D535-4F9F-A45F-6BE1EBC42F3F,3,2
9CEED4B3-1EC4-4C80-99B6-580FEB4BB58C,23,2
9CEED4B3-1EC4-4C80-99B6-580FEB4BB58C,28,2
9D0507E0-D535-4F9F-A45F-6BE1EBC42F3F,23,2
9D128923-1C94-441E-B755-04908BC1E330,42,0
9D128923-1C94-441E-B755-04908BC1E330,81,2
9D226D00-5C1D-4E2B-A877-171DD39850B5,7,6
9D226D00-5C1D-4E2B-A877-171DD39850B5,27,2
9D226D00-5C1D-4E2B-A877-171DD39850B5,60,2
9d6ed475-71b1-4ef3-8390-80ca2e49a29b,11,3
9DA47F7C-907D-4882-8FFF-D9729EFAC6A8,1,3
9DD09559-F203-4E6E-B6F5-9FB83FB62E64,23,6
9DD09559-F203-4E6E-B6F5-9FB83FB62E64,29,2
9DF788E1-45A1-40BE-98CE-A9E8F7816C5B,2,3
9DF788E1-45A1-40BE-98CE-A9E8F7816C5B,19,3
9e3f5df0-8f3f-4281-ae5f-7fa8674832d1,54,6
9e3f5df0-8f3f-4281-ae5f-7fa8674832d1,99,1
9e3f5df0-8f3f-4281-ae5f-7fa8674832d1,123,1
9e3f5df0-8f3f-4281-ae5f-7fa8674832d1,125,1
9e3f5df0-8f3f-4281-ae5f-7fa8674832d1,140,1
9e3f5df0-8f3f-4281-ae5f-7fa8674832d1,145,1
9e3f5df0-8f3f-4281-ae5f-7fa8674832d1,157,0
9e3f5df0-8f3f-4281-ae5f-7fa8674832d1,238,1
9E4DDFCC-DD37-4B9C-A1A4-35CF92E9BDDF,6,3
9E4DDFCC-DD37-4B9C-A1A4-35CF92E9BDDF,17,3
9E5702B7-F2DC-408F-B987-93A3BF865A30,17,3
9E5702B7-F2DC-408F-B987-93A3BF865A30,33,3
9E69F8A1-270D-4CA6-AA33-317DD6251B6E,39,3
9E69F8A1-270D-4CA6-AA33-317DD6251B6E,50,3
9e6b6eda-292e-4fb8-a986-eec3201cd582,47,2
9e6b6eda-292e-4fb8-a986-eec3201cd582,100,2
9e80e8e5-9c82-4c9a-b4c5-b095cd6e0bc9,44,1
9e80e8e5-9c82-4c9a-b4c5-b095cd6e0bc9,52,1
9e80e8e5-9c82-4c9a-b4c5-b095cd6e0bc9,111,1
9e80e8e5-9c82-4c9a-b4c5-b095cd6e0bc9,128,1
9e80e8e5-9c82-4c9a-b4c5-b095cd6e0bc9,133,2
9EC668E6-C830-4B41-BDB4-D6B0E2ACEBE7,1,2
9EC668E6-C830-4B41-BDB4-D6B0E2ACEBE7,20,2
9EF8E904-D9D7-473E-B2CB-289D96685FD0,3,3
9EF8E904-D9D7-473E-B2CB-289D96685FD0,20,3
9F2B6EE9-510B-4302-B6AA-DDF9B2A3F9B0,10,2
9F2B6EE9-510B-4302-B6AA-DDF9B2A3F9B0,24,3
9F2B6EE9-510B-4302-B6AA-DDF9B2A3F9B0,36,2
9F3EA04A-B211-4496-ABEA-4E17A2CA65F9,12,2
9F609B8C-40EC-4061-AB53-70EC463156DE,87,3
9F609B8C-40EC-4061-AB53-70EC463156DE,163,3
9F87D9B2-9DB9-4942-88C8-65F655FDB913,22,3
9fa07193-7011-4e17-bbb9-d094889c86e2,9,0
9fa07193-7011-4e17-bbb9-d094889c86e2,18,3
9fa07193-7011-4e17-bbb9-d094889c86e2,33,0
9fa07193-7011-4e17-bbb9-d094889c86e2,42,0
9fa07193-7011-4e17-bbb9-d094889c86e2,43,0
9fa07193-7011-4e17-bbb9-d094889c86e2,44,0
9fa07193-7011-4e17-bbb9-d094889c86e2,51,0
9fa07193-7011-4e17-bbb9-d094889c86e2,55,0
9fa07193-7011-4e17-bbb9-d094889c86e2,63,0
9fa07193-7011-4e17-bbb9-d094889c86e2,64,0
9FA42C6E-F121-47A6-8DF4-C4F79A19109F,19,0
9FA42C6E-F121-47A6-8DF4-C4F79A19109F,21,3
9FA42C6E-F121-47A6-8DF4-C4F79A19109F,41,3
9FB8CDE2-7DA7-4CF6-9550-750A75125403,7,1
9FB8CDE2-7DA7-4CF6-9550-750A75125403,20,1
9FFA982F-6158-4DED-9BDB-050351A524ED,12,3
A00E0A5D-2A98-4001-A5F1-B6261DC88106,155,6
A0755C13-ED52-4416-9748-A52C0406017A,4,0
A0755C13-ED52-4416-9748-A52C0406017A,10,3
A0755C13-ED52-4416-9748-A52C0406017A,17,2
A0755C13-ED52-4416-9748-A52C0406017A,24,2
A0C1A86D-6DFC-46CE-8CF9-4EB1776C914B,7,3
A0C1A86D-6DFC-46CE-8CF9-4EB1776C914B,26,3
A0C1A86D-6DFC-46CE-8CF9-4EB1776C914B,46,3
A0C1A86D-6DFC-46CE-8CF9-4EB1776C914B,93,3
a0cc8720-499a-4beb-8818-db554483ec8c,1,1
a0cc8720-499a-4beb-8818-db554483ec8c,14,2
A0FCE139-92FC-4A12-A312-0932ADF36A6C,12,3
A1295F87-F822-4035-BE12-AFCA73AE0363,5,3
A1295F87-F822-4035-BE12-AFCA73AE0363,8,3
A13182EC-C272-49CA-88DE-8B2C4EBD7F1F,3,3
a14902c6-41c9-43b2-a9e4-a4aec4cc785c,62,3
a14902c6-41c9-43b2-a9e4-a4aec4cc785c,95,2
a149bbc5-94d2-467a-b551-a318faac76de,12,3
a149bbc5-94d2-467a-b551-a318faac76de,48,3
A14FB67E-0671-47F7-AAF9-6016DD2B5CFE,6,0
A14FB67E-0671-47F7-AAF9-6016DD2B5CFE,11,2
A14FB67E-0671-47F7-AAF9-6016DD2B5CFE,42,0
A14FB67E-0671-47F7-AAF9-6016DD2B5CFE,48,0
A172DA85-ECA2-4BD5-B5DC-4C013E8771E5,12,3
A1A304D2-9816-420F-B919-1FCDA81074C1,22,2
A1D27592-5672-4626-ABC0-F710CFEB72B3,2,0
A1D27592-5672-4626-ABC0-F710CFEB72B3,3,0
A1D27592-5672-4626-ABC0-F710CFEB72B3,14,0
A1D27592-5672-4626-ABC0-F710CFEB72B3,15,0
A1D27592-5672-4626-ABC0-F710CFEB72B3,19,2
A1D27592-5672-4626-ABC0-F710CFEB72B3,26,2
A1D27592-5672-4626-ABC0-F710CFEB72B3,28,2
A1D27592-5672-4626-ABC0-F710CFEB72B3,37,2
A1D27592-5672-4626-ABC0-F710CFEB72B3,40,0
A1DD59D0-BF22-4B2F-BC1B-9863B55E96A9,4,2
A1FB173A-01E8-428A-BE6E-AF12C7733C71,9,3
A1FB173A-01E8-428A-BE6E-AF12C7733C71,17,3
A1FB173A-01E8-428A-BE6E-AF12C7733C71,22,3
A1FB173A-01E8-428A-BE6E-AF12C7733C71,31,3
A224A2B5-55F9-41DC-9731-7C1EB4C90042,5,2
A224A2B5-55F9-41DC-9731-7C1EB4C90042,37,0
A23CB260-C169-4972-ADD5-BBF6D714CEE1,17,3
A27BFA9B-3197-432D-8A1B-9191103B46C0,3,3
A27BFA9B-3197-432D-8A1B-9191103B46C0,7,3
A27BFA9B-3197-432D-8A1B-9191103B46C0,26,3
A2C0FCF2-A8BF-4A64-A561-35E232BE0A08,1,3
A2DB6726-EA5E-4214-855E-8C74C5B8610E,36,2
A2DB6726-EA5E-4214-855E-8C74C5B8610E,45,2
a2e4dc4d-c817-4a2f-a3b6-7f0a5b27f462,32,0
a2e4dc4d-c817-4a2f-a3b6-7f0a5b27f462,55,0
a2e4dc4d-c817-4a2f-a3b6-7f0a5b27f462,65,0
a2e4dc4d-c817-4a2f-a3b6-7f0a5b27f462,67,0
a2e4dc4d-c817-4a2f-a3b6-7f0a5b27f462,81,0
a2e4dc4d-c817-4a2f-a3b6-7f0a5b27f462,87,0
A307D263-EDB3-48BC-9790-9B0CB198B5D0,1,2
A31266BA-B24A-4143-9EC2-52A1EC58C795,1,3
A315CE00-2EB8-4549-9F3B-536DAF6373D1,3,2
A315CE00-2EB8-4549-9F3B-536DAF6373D1,14,2
A315CE00-2EB8-4549-9F3B-536DAF6373D1,56,2
a32e20bd-33f3-4ae0-ba36-6fc0162f916d,2,0
a32e20bd-33f3-4ae0-ba36-6fc0162f916d,21,0
a32e20bd-33f3-4ae0-ba36-6fc0162f916d,34,0
a32e20bd-33f3-4ae0-ba36-6fc0162f916d,41,0
a32e20bd-33f3-4ae0-ba36-6fc0162f916d,49,0
A3413BFE-5979-470E-AA03-D055EEDD3EF9,32,3
a3770757-05a3-4054-afa2-a2d74aac05ae,15,1
a3770757-05a3-4054-afa2-a2d74aac05ae,61,0
a3770757-05a3-4054-afa2-a2d74aac05ae,75,0
a3770757-05a3-4054-afa2-a2d74aac05ae,95,0
A37EF948-1F0A-4337-9B28-96BD30A766D6,3,2
A37EF948-1F0A-4337-9B28-96BD30A766D6,7,2
A37EF948-1F0A-4337-9B28-96BD30A766D6,26,2
A37EF948-1F0A-4337-9B28-96BD30A766D6,40,2
A38288F4-E0BD-4E1F-A5DF-CD7F53FE5BD9,33,2
A3B00FBB-0E32-4FE2-9E94-57C44BA6E24D,4,3
A3B00FBB-0E32-4FE2-9E94-57C44BA6E24D,9,3
A3BB8435-11A9-4EA4-996D-676876090062,2,1
A3BB8435-11A9-4EA4-996D-676876090062,5,1
A3BB8435-11A9-4EA4-996D-676876090062,7,1
A3BB8435-11A9-4EA4-996D-676876090062,8,0
A3BB8435-11A9-4EA4-996D-676876090062,14,1
A3BB8435-11A9-4EA4-996D-676876090062,15,1
A3BB8435-11A9-4EA4-996D-676876090062,20,1
A3BB8435-11A9-4EA4-996D-676876090062,21,1
A3BB8435-11A9-4EA4-996D-676876090062,23,1
A3D9F2B3-AE64-431C-8891-1608B81A65CF,13,0
A3D9F2B3-AE64-431C-8891-1608B81A65CF,22,0
A3D9F2B3-AE64-431C-8891-1608B81A65CF,33,0
A3D9F2B3-AE64-431C-8891-1608B81A65CF,39,0
A3D9F2B3-AE64-431C-8891-1608B81A65CF,47,0
A3D9F2B3-AE64-431C-8891-1608B81A65CF,50,0
A3D9F2B3-AE64-431C-8891-1608B81A65CF,51,0
A3FDB4B2-A9E5-4D0D-AADA-EEE6B4277421,8,3
A3FDB4B2-A9E5-4D0D-AADA-EEE6B4277421,21,3
A3FDB4B2-A9E5-4D0D-AADA-EEE6B4277421,34,3
A40DAA4A-C9EC-4298-8EAF-1D2A10808175,7,1
A4627583-B768-4C65-9E48-764CF43D8C97,54,1
A47838BA-1AE7-4451-9A92-3BBE5FF81289,11,2
A47838BA-1AE7-4451-9A92-3BBE5FF81289,31,2
a48c29df-fd74-4975-876d-83579c49f280,1,
a48c29df-fd74-4975-876d-83579c49f280,14,0
a48c29df-fd74-4975-876d-83579c49f280,19,0
a48c29df-fd74-4975-876d-83579c49f280,34,0
a48c29df-fd74-4975-876d-83579c49f280,174,0
a48c29df-fd74-4975-876d-83579c49f280,189,0
a48c29df-fd74-4975-876d-83579c49f280,220,0
A49C0117-7481-460D-AF40-0113E83049C9,3,3
A49C0117-7481-460D-AF40-0113E83049C9,28,3
A51F0B96-DFFC-4E15-8238-C193CCE0CCF9,14,3
a5207e5c-e411-4cfc-b321-527010592608,1,
a5207e5c-e411-4cfc-b321-527010592608,3,6
a5207e5c-e411-4cfc-b321-527010592608,5,0
a5207e5c-e411-4cfc-b321-527010592608,14,0
a5207e5c-e411-4cfc-b321-527010592608,15,0
a5207e5c-e411-4cfc-b321-527010592608,19,0
a5207e5c-e411-4cfc-b321-527010592608,20,0
a5207e5c-e411-4cfc-b321-527010592608,21,0
a5207e5c-e411-4cfc-b321-527010592608,26,0
a5207e5c-e411-4cfc-b321-527010592608,28,0
a5207e5c-e411-4cfc-b321-527010592608,34,0
a5207e5c-e411-4cfc-b321-527010592608,35,0
a5207e5c-e411-4cfc-b321-527010592608,37,0
A53EBAD3-1F82-407A-BCDA-BF1F4B98BE4C,15,3
A53EBAD3-1F82-407A-BCDA-BF1F4B98BE4C,35,3
A5681B02-D3CE-4EF2-82DC-F81F9340A4F7,17,3
A5754D30-2E38-4EDA-958F-3D1916CDD889,32,3
A5754D30-2E38-4EDA-958F-3D1916CDD889,39,3
A5754D30-2E38-4EDA-958F-3D1916CDD889,42,3
A5985A44-F54C-4317-B052-FE885C631F4B,3,3
A59EA620-7117-4CA5-98F9-BB69D3755629,13,3
A59EA620-7117-4CA5-98F9-BB69D3755629,18,2
A5A26A46-E8F9-49C8-A951-EF9DD561FB82,10,3
A5A26A46-E8F9-49C8-A951-EF9DD561FB82,12,3
A5A26A46-E8F9-49C8-A951-EF9DD561FB82,33,3
A5A26A46-E8F9-49C8-A951-EF9DD561FB82,42,3
A626B980-04A6-4D5D-AE3A-569BCD6468B6,29,3
A65734B8-B34A-42F4-B324-6EF02AEBADC0,60,0
A65734B8-B34A-42F4-B324-6EF02AEBADC0,79,2
a670d41c-743f-46a8-a4f1-ceeb4d2c4fa6,69,2
A671BA9B-2C8B-442D-9AB1-46C019AE1274,18,3
A671BA9B-2C8B-442D-9AB1-46C019AE1274,33,3
a6c111e0-cde2-4041-bef4-c3b92314fb73,30,2
a6c111e0-cde2-4041-bef4-c3b92314fb73,32,2
A6C73817-5048-407A-8B05-8B5B5EAAA236,13,2
A6C73817-5048-407A-8B05-8B5B5EAAA236,47,2
A6C73817-5048-407A-8B05-8B5B5EAAA236,52,2
A6C73817-5048-407A-8B05-8B5B5EAAA236,55,2
A6FCAE43-F779-4F83-996C-0CE179ECFC2F,29,3
A73A0F4E-39F9-4345-963D-9969FCF0E162,19,3
A75388B8-11B6-4CDC-A628-89E5C8F6CF77,7,3
A78CF665-0518-4B6E-9D08-763254D1CDC0,15,3
A78CF665-0518-4B6E-9D08-763254D1CDC0,21,3
A78CF665-0518-4B6E-9D08-763254D1CDC0,23,3
A78CF665-0518-4B6E-9D08-763254D1CDC0,60,3
A78CF665-0518-4B6E-9D08-763254D1CDC0,71,3
A78F75FC-52AE-4A0F-882E-D47487DD2ABE,17,3
A78F75FC-52AE-4A0F-882E-D47487DD2ABE,22,3
A78F75FC-52AE-4A0F-882E-D47487DD2ABE,48,3
A795122E-866C-4B45-8C3A-6E8E10597304,9,3
A79CA108-6CC7-476E-B4DC-CEA5056ADC1C,13,3
A79CA108-6CC7-476E-B4DC-CEA5056ADC1C,42,1
A79CA108-6CC7-476E-B4DC-CEA5056ADC1C,55,3
A7A5D690-36FF-4C50-90D8-720C1C0BAC62,13,3
A7A5D690-36FF-4C50-90D8-720C1C0BAC62,24,3
A7A5D690-36FF-4C50-90D8-720C1C0BAC62,30,3
A7A6AA8B-B332-465C-9406-79A26195F042,7,3
A7A6AA8B-B332-465C-9406-79A26195F042,74,3
A7CCBDFA-0904-4312-8768-43537458E802,22,2
A7CCBDFA-0904-4312-8768-43537458E802,45,2
a7ccec4e-5b1a-4361-bab0-7487bafd7af4,15,1
a7ccec4e-5b1a-4361-bab0-7487bafd7af4,19,0
a7ccec4e-5b1a-4361-bab0-7487bafd7af4,23,0
A7DC4B1C-21F5-4FCD-95BF-1D1D491CA75F,10,6
A7DC4B1C-21F5-4FCD-95BF-1D1D491CA75F,33,2
A7E5D526-0C9B-4AC6-868C-B6AA67307C87,33,3
A7E5D526-0C9B-4AC6-868C-B6AA67307C87,39,4
A7E5D526-0C9B-4AC6-868C-B6AA67307C87,44,4
A8168755-C8B0-4E43-8B9A-5891854EF767,1,3
a81f7197-b5f3-490f-b154-89b7f7151439,4,0
a81f7197-b5f3-490f-b154-89b7f7151439,6,0
a81f7197-b5f3-490f-b154-89b7f7151439,12,0
a81f7197-b5f3-490f-b154-89b7f7151439,31,0
a81f7197-b5f3-490f-b154-89b7f7151439,36,0
a81f7197-b5f3-490f-b154-89b7f7151439,59,0
a8322e2e-4393-489c-a6a9-8f56ccd88dbc,1,2
A870ABF1-2755-4232-B08A-B843F3156D10,4,3
A870ABF1-2755-4232-B08A-B843F3156D10,11,3
A87167CC-D25D-46FF-BF8D-90A1F884EE0E,1,3
A87167CC-D25D-46FF-BF8D-90A1F884EE0E,15,3
A87167CC-D25D-46FF-BF8D-90A1F884EE0E,46,3
A8874327-10B6-4BD2-81B2-4F22E827B821,30,2
A8874327-10B6-4BD2-81B2-4F22E827B821,45,2
A8874327-10B6-4BD2-81B2-4F22E827B821,64,2
A8874327-10B6-4BD2-81B2-4F22E827B821,86,2
A8874327-10B6-4BD2-81B2-4F22E827B821,109,3
A8A68720-1C50-40B6-9370-B2407592C4E6,2,3
A8A68720-1C50-40B6-9370-B2407592C4E6,20,3
A8A68720-1C50-40B6-9370-B2407592C4E6,29,3
A91DB9F5-4827-4FB8-AA5E-6E9444389352,25,0
A91DB9F5-4827-4FB8-AA5E-6E9444389352,39,3
A91DB9F5-4827-4FB8-AA5E-6E9444389352,42,0
A91DB9F5-4827-4FB8-AA5E-6E9444389352,44,0
A942C92D-CF05-452C-8BF7-A71E9D465F6D,28,5
A942C92D-CF05-452C-8BF7-A71E9D465F6D,41,4
A94654BB-A720-4A47-A876-E63D2AF16389,2,2
A94654BB-A720-4A47-A876-E63D2AF16389,20,2
A94654BB-A720-4A47-A876-E63D2AF16389,35,2
a947d53f-0864-4b55-8ac5-71ea79369f7f,9,0
a947d53f-0864-4b55-8ac5-71ea79369f7f,33,2
A9E6FA5A-F01B-438B-9E8E-2DB778865880,1,3
A9E6FA5A-F01B-438B-9E8E-2DB778865880,5,3
A9E6FA5A-F01B-438B-9E8E-2DB778865880,8,3
AA326172-2EEF-47B5-806B-6F7B3EA91891,7,1
AA326172-2EEF-47B5-806B-6F7B3EA91891,8,3
aa40f15d-d8fd-488a-980e-c6ffc15b6606,15,2
aa81a12c-8e22-4a9f-989f-6798318debc0,4,0
aa81a12c-8e22-4a9f-989f-6798318debc0,6,0
aa81a12c-8e22-4a9f-989f-6798318debc0,33,3
aa81a12c-8e22-4a9f-989f-6798318debc0,47,0
aa81a12c-8e22-4a9f-989f-6798318debc0,50,0
aa81a12c-8e22-4a9f-989f-6798318debc0,53,0
aa81a12c-8e22-4a9f-989f-6798318debc0,54,0
AA8F5FB2-104D-4659-8747-F259C3F11010,3,2
AA8F5FB2-104D-4659-8747-F259C3F11010,8,2
aad92a1f-c380-431f-9141-59c01e525f4e,1,
AAF71ACF-81EE-425E-B306-62C3C5757E93,40,2
AAF71ACF-81EE-425E-B306-62C3C5757E93,46,2
AB16D328-98D2-4C33-AE8B-6DE228D6F9A3,10,3
AB3724D4-58A9-47F9-BC08-67111F56A574,35,3
AB4D0F56-454B-437B-A496-9DE756C3BA99,2,3
AB4D0F56-454B-437B-A496-9DE756C3BA99,37,3
AB626E0B-DEFB-432F-8E89-F776C90D03F5,37,6
AB7B5AA6-326C-480C-976B-37A03110DE0B,34,3
AB9B5C1D-FC0C-41C1-A25B-21DD2F6D2C29,3,3
AB9B5C1D-FC0C-41C1-A25B-21DD2F6D2C29,20,3
AB9B5C1D-FC0C-41C1-A25B-21DD2F6D2C29,37,3
AB9E5FE7-D9EE-4785-A275-AEC239E97605,24,2
AB9E5FE7-D9EE-4785-A275-AEC239E97605,31,2
ABEBE0ED-74BC-4A0C-888F-6218DB7709E3,2,3
ABFE6B95-8144-4516-AD09-0DCCEE60E625,4,2
ABFE6B95-8144-4516-AD09-0DCCEE60E625,32,2
AC0CD8EC-1F56-4993-A964-617AB4404B9D,4,3
AC0CD8EC-1F56-4993-A964-617AB4404B9D,22,3
AC0CD8EC-1F56-4993-A964-617AB4404B9D,33,0
AC1E899E-16A8-411C-A1D5-9EDAF4B2F80A,43,3
AC1E899E-16A8-411C-A1D5-9EDAF4B2F80A,67,3
AC215219-B1E3-4FD0-B0AA-9F0A1EC7C8F1,1,2
AC236F2F-CF64-45C7-8249-BEC53952C9F7,34,0
AC236F2F-CF64-45C7-8249-BEC53952C9F7,178,3
AC44CF43-809B-471E-9D5C-3829F818BC59,3,3
AC44CF43-809B-471E-9D5C-3829F818BC59,7,3
AC44CF43-809B-471E-9D5C-3829F818BC59,83,0
ac7586d2-bb5f-4ccd-a8b6-1ce6abe07aa1,1,2
ac7586d2-bb5f-4ccd-a8b6-1ce6abe07aa1,1,
ac7586d2-bb5f-4ccd-a8b6-1ce6abe07aa1,23,2
ac7586d2-bb5f-4ccd-a8b6-1ce6abe07aa1,46,2
ac7586d2-bb5f-4ccd-a8b6-1ce6abe07aa1,62,2
AC80001A-FF52-4E3F-910F-CEE29AC05BBF,5,2
AC80001A-FF52-4E3F-910F-CEE29AC05BBF,8,2
AC80001A-FF52-4E3F-910F-CEE29AC05BBF,23,2
AC80001A-FF52-4E3F-910F-CEE29AC05BBF,41,3
AC8524E5-012C-46CF-B5FD-81D530C82D45,13,2
AC8524E5-012C-46CF-B5FD-81D530C82D45,17,2
ACB6D045-CBC0-4A1C-BEF9-72814A594F59,30,3
ACB6D045-CBC0-4A1C-BEF9-72814A594F59,42,3
acc9814f-5f6b-43e9-bd4b-ea01b33d2474,7,3
acc9814f-5f6b-43e9-bd4b-ea01b33d2474,91,3
AD47D982-EB0E-491F-AE78-7B44E85F3913,90,3
AD6F5595-8D1A-46D5-ADA1-4EBF076A5F79,18,3
AD6F5595-8D1A-46D5-ADA1-4EBF076A5F79,39,3
AD6F5595-8D1A-46D5-ADA1-4EBF076A5F79,50,3
AD8D2A68-D395-487D-9F1E-401D0DE174BE,20,2
AD8D2A68-D395-487D-9F1E-401D0DE174BE,40,2
AD965618-833B-47CE-86A6-28891AE033F9,15,3
ADA1EA75-F2AB-45FD-B399-FDEF405D091C,9,3
ADA1EA75-F2AB-45FD-B399-FDEF405D091C,12,3
ADA1EA75-F2AB-45FD-B399-FDEF405D091C,44,3
ADA1EA75-F2AB-45FD-B399-FDEF405D091C,47,3
ADAB93BA-ED68-4514-AA03-20E5159AB3CC,1,3
ADAB93BA-ED68-4514-AA03-20E5159AB3CC,8,3
ADAB93BA-ED68-4514-AA03-20E5159AB3CC,27,3
ADAB93BA-ED68-4514-AA03-20E5159AB3CC,29,3
ADAB93BA-ED68-4514-AA03-20E5159AB3CC,41,3
ADDE6CCF-9A5B-4608-ABD4-B64679B25FB7,18,2
ADFE49DF-AF12-47FC-A2AC-30BD2A1B36F3,7,3
ADFE49DF-AF12-47FC-A2AC-30BD2A1B36F3,41,3
ADFE49DF-AF12-47FC-A2AC-30BD2A1B36F3,75,3
AE16FB4F-6C16-4428-85EA-2FED199C8121,10,0
AE36C6EB-27D7-4F92-9705-141CA69EAD09,1,3
AE36C6EB-27D7-4F92-9705-141CA69EAD09,57,3
AE373972-8D95-4252-A529-266500A8FA16,4,0
AE373972-8D95-4252-A529-266500A8FA16,22,0
AE373972-8D95-4252-A529-266500A8FA16,24,0
AE373972-8D95-4252-A529-266500A8FA16,25,0
AE373972-8D95-4252-A529-266500A8FA16,31,0
AE373972-8D95-4252-A529-266500A8FA16,42,0
AE373972-8D95-4252-A529-266500A8FA16,48,0
AE373972-8D95-4252-A529-266500A8FA16,51,4
AE373972-8D95-4252-A529-266500A8FA16,52,3
AE3F8CBC-A316-4D04-88C1-74B5CCDB339C,9,2
AE3F8CBC-A316-4D04-88C1-74B5CCDB339C,25,2
AE42336A-4458-4494-A4F8-CFBC31AB967B,3,3
AE42336A-4458-4494-A4F8-CFBC31AB967B,26,3
AE42336A-4458-4494-A4F8-CFBC31AB967B,29,3
AE42336A-4458-4494-A4F8-CFBC31AB967B,37,3
AE5AAE17-CD72-4E9C-A976-2FCE3121825C,14,3
AE5AAE17-CD72-4E9C-A976-2FCE3121825C,19,3
ae5e6d68-ab0e-4791-8848-6d51947bb9ca,29,3
ae5e6d68-ab0e-4791-8848-6d51947bb9ca,57,3
AEA7C392-BEE7-4378-A5D8-CC439F86C0E9,10,3
AEAE4077-53D6-49E2-83EE-B8D9BFAC6E7F,6,3
AEAE4077-53D6-49E2-83EE-B8D9BFAC6E7F,18,3
AEAE4077-53D6-49E2-83EE-B8D9BFAC6E7F,59,3
AEE90337-8978-4179-9BD2-441634BD95FA,22,3
AEE90337-8978-4179-9BD2-441634BD95FA,32,3
AEF0EEE9-7359-4FDB-AFEF-126916B8AF56,37,3
AEF72171-EB44-4813-9648-758B9EC99D37,7,3
AEF72171-EB44-4813-9648-758B9EC99D37,94,3
AF2576DE-B922-420E-9418-A298DE062BE5,17,3
AF2576DE-B922-420E-9418-A298DE062BE5,33,3
af297864-58d1-47c8-bb12-5db8429d007a,8,0
AF2F29BA-0BBD-4FD1-B4D7-CBB132E08CAD,4,3
AF2F29BA-0BBD-4FD1-B4D7-CBB132E08CAD,10,3
AF2F29BA-0BBD-4FD1-B4D7-CBB132E08CAD,31,3
AF2F29BA-0BBD-4FD1-B4D7-CBB132E08CAD,36,3
AF31ADC9-0D26-4A4D-AD9E-9EADCD8E83D8,11,3
AF3F6D88-A0B8-41D5-8B36-BFB24CADFF92,11,2
af3fdd7e-a74e-410d-9441-e6f3c577afc5,16,2
af3fdd7e-a74e-410d-9441-e6f3c577afc5,42,2
af3fdd7e-a74e-410d-9441-e6f3c577afc5,50,2
AF527CD9-897A-4E10-91DA-D37EDE4005D5,37,3
AF527CD9-897A-4E10-91DA-D37EDE4005D5,96,3
AF527CD9-897A-4E10-91DA-D37EDE4005D5,116,3
AF5D7A29-F3DB-4377-89E9-FAB528787146,4,2
af88da17-a492-4a7b-96f5-d945015d2c22,1,
af88da17-a492-4a7b-96f5-d945015d2c22,40,2
af88da17-a492-4a7b-96f5-d945015d2c22,57,3
af88da17-a492-4a7b-96f5-d945015d2c22,159,3
AFC329EB-8EA3-4822-AD49-F2929E6EF494,75,2
AFDEE43C-F11A-4796-9441-F22B4711AEF2,2,3
AFDEE43C-F11A-4796-9441-F22B4711AEF2,7,3
B049BC80-8492-4243-8543-A7BFD5F0C0CF,13,4
B049BC80-8492-4243-8543-A7BFD5F0C0CF,48,4
B049BC80-8492-4243-8543-A7BFD5F0C0CF,67,3
B0958A42-6F2B-41A3-ACCE-9E4C04657DFB,10,2
B0958A42-6F2B-41A3-ACCE-9E4C04657DFB,17,1
B0958A42-6F2B-41A3-ACCE-9E4C04657DFB,59,1
B0958A42-6F2B-41A3-ACCE-9E4C04657DFB,70,2
b0a3e295-fbc1-4865-856c-24c8efe79c6a,10,3
b0a3e295-fbc1-4865-856c-24c8efe79c6a,36,1
B0A972F4-0C51-444B-B896-DC012E6202FC,1,3
B0B5E2A6-02CE-44A3-9327-A935AA3F7DFF,5,3
B0B5E2A6-02CE-44A3-9327-A935AA3F7DFF,8,2
B0B5E2A6-02CE-44A3-9327-A935AA3F7DFF,35,2
B0B8D50B-13EC-44C2-82E3-B139B2173417,45,2
B0D20E0A-9730-4C2D-BE11-89945B2518B5,2,2
B0EFB3FA-EE7F-47A6-BDBC-F82DBE78808D,17,3
B0EFB3FA-EE7F-47A6-BDBC-F82DBE78808D,25,3
B0EFB3FA-EE7F-47A6-BDBC-F82DBE78808D,30,3
B0EFB3FA-EE7F-47A6-BDBC-F82DBE78808D,48,3
B108BD96-7327-4EC4-8923-E55476E0BF58,11,3
B108BD96-7327-4EC4-8923-E55476E0BF58,17,3
B108BD96-7327-4EC4-8923-E55476E0BF58,33,3
B108BD96-7327-4EC4-8923-E55476E0BF58,42,3
B14B92B8-2FE8-4566-9D14-5B41463A4F49,2,0
B14B92B8-2FE8-4566-9D14-5B41463A4F49,5,0
B14B92B8-2FE8-4566-9D14-5B41463A4F49,7,0
B14B92B8-2FE8-4566-9D14-5B41463A4F49,15,3
B14B92B8-2FE8-4566-9D14-5B41463A4F49,21,3
B14B92B8-2FE8-4566-9D14-5B41463A4F49,27,3
B14B92B8-2FE8-4566-9D14-5B41463A4F49,46,0
B194CB4F-B74E-49E5-A745-66BDF2715DB9,30,3
b1a29ef2-0b65-4e24-af5e-0be79944cd97,4,2
b1a29ef2-0b65-4e24-af5e-0be79944cd97,52,2
B1ABCC60-628B-450D-BAE0-47E24FEB265F,27,2
B1C76BE9-09C2-42E8-9A85-D47C810080B7,5,2
B1C76BE9-09C2-42E8-9A85-D47C810080B7,21,2
B1FD59F4-EDC1-41E1-B4F2-E5407B24D906,4,3
B1FD59F4-EDC1-41E1-B4F2-E5407B24D906,25,3
B1FD59F4-EDC1-41E1-B4F2-E5407B24D906,30,3
B1FD59F4-EDC1-41E1-B4F2-E5407B24D906,36,3
B1FD59F4-EDC1-41E1-B4F2-E5407B24D906,47,3
B1FD59F4-EDC1-41E1-B4F2-E5407B24D906,50,3
B1FD59F4-EDC1-41E1-B4F2-E5407B24D906,53,3
b2173b17-fb2e-4d1a-be08-c0ee20ef5ce5,15,2
b2173b17-fb2e-4d1a-be08-c0ee20ef5ce5,28,2
B22B0C98-13FB-4416-9DCB-8B6D4AB8B6D8,13,2
B22B0C98-13FB-4416-9DCB-8B6D4AB8B6D8,16,2
B22B0C98-13FB-4416-9DCB-8B6D4AB8B6D8,24,2
B22B0C98-13FB-4416-9DCB-8B6D4AB8B6D8,39,0
B22B0C98-13FB-4416-9DCB-8B6D4AB8B6D8,42,6
B22B0C98-13FB-4416-9DCB-8B6D4AB8B6D8,51,2
B22B0C98-13FB-4416-9DCB-8B6D4AB8B6D8,54,2
B234652B-4664-47CA-8D99-0D036D8D269A,1,3
B238D971-82FE-41E8-B5B1-1275A5446B13,25,3
B238D971-82FE-41E8-B5B1-1275A5446B13,33,3
B238D971-82FE-41E8-B5B1-1275A5446B13,36,3
B288678E-D194-45F2-84C4-A22C15F6DEF2,21,3
B2B71E63-ABF5-4235-84EE-5F3B970017EB,23,3
b2d0a53d-63e5-44b9-8574-90b0c0c104b8,6,2
b2d0a53d-63e5-44b9-8574-90b0c0c104b8,25,2
b2d0a53d-63e5-44b9-8574-90b0c0c104b8,48,2
b2d0a53d-63e5-44b9-8574-90b0c0c104b8,63,2
b2d0a53d-63e5-44b9-8574-90b0c0c104b8,72,2
B2D4D013-1DBD-46EC-8672-5986134BF806,3,3
B2D4D013-1DBD-46EC-8672-5986134BF806,20,3
B2D70C25-6020-4305-B912-79D94FA26698,4,3
B2D70C25-6020-4305-B912-79D94FA26698,10,3
B2D70C25-6020-4305-B912-79D94FA26698,17,3
B2D70C25-6020-4305-B912-79D94FA26698,31,3
B2E16453-49C4-43A0-B789-6AF7BE6B158F,17,1
B2E16453-49C4-43A0-B789-6AF7BE6B158F,30,1
B31C5951-E4AF-497B-ADE1-68423C3D0AFA,6,1
B31C5951-E4AF-497B-ADE1-68423C3D0AFA,12,0
B31C5951-E4AF-497B-ADE1-68423C3D0AFA,13,0
B31C5951-E4AF-497B-ADE1-68423C3D0AFA,17,0
B31C5951-E4AF-497B-ADE1-68423C3D0AFA,24,0
B31C5951-E4AF-497B-ADE1-68423C3D0AFA,25,0
B33697EF-2762-425D-8B44-D5B8F02CD954,72,3
B3510BAA-FEFA-48B0-813B-66A4D74338D2,15,3
B38087FF-13E7-45D8-9E03-8ED36E0720AD,2,2
B38087FF-13E7-45D8-9E03-8ED36E0720AD,14,3
B38087FF-13E7-45D8-9E03-8ED36E0720AD,20,2
B3B5DFD6-DE42-4929-B25D-69597C0D3D36,9,2
B3B5DFD6-DE42-4929-B25D-69597C0D3D36,16,2
B3BD6CE2-A53A-485B-B449-488200FC7C5F,14,3
B3BD6CE2-A53A-485B-B449-488200FC7C5F,15,3
B3BD6CE2-A53A-485B-B449-488200FC7C5F,34,3
B3BD6CE2-A53A-485B-B449-488200FC7C5F,35,3
B3BD6CE2-A53A-485B-B449-488200FC7C5F,40,3
b3c7244e-1d05-48f2-be22-9225a66c9c27,10,0
b3c7244e-1d05-48f2-be22-9225a66c9c27,55,1
b3c7244e-1d05-48f2-be22-9225a66c9c27,59,1
B3C77EE4-A0E6-4EAD-A18B-8597A07F4F3E,6,2
B3CCDC0E-BD44-4539-A916-A817358090FD,29,2
B3CCDC0E-BD44-4539-A916-A817358090FD,84,2
B3E3CB53-9FD5-4D8F-8A5C-BCA52A871C66,2,2
B3E3CB53-9FD5-4D8F-8A5C-BCA52A871C66,7,2
B3E3CB53-9FD5-4D8F-8A5C-BCA52A871C66,14,2
B4034352-3034-42D1-B5C3-3B6C23293D62,13,3
B4034352-3034-42D1-B5C3-3B6C23293D62,43,3
B4034352-3034-42D1-B5C3-3B6C23293D62,47,3
B4034352-3034-42D1-B5C3-3B6C23293D62,50,3
B4034352-3034-42D1-B5C3-3B6C23293D62,55,3
B459A47F-243B-47CB-8614-BFA864C5A564,10,2
B459A47F-243B-47CB-8614-BFA864C5A564,30,2
B459A47F-243B-47CB-8614-BFA864C5A564,39,4
B46AC4B3-2B16-4073-BDE4-76B9F2879970,24,2
B46AC4B3-2B16-4073-BDE4-76B9F2879970,42,2
B4AA16B1-3741-487D-ACBA-2E7E91021F3C,6,3
B4AA16B1-3741-487D-ACBA-2E7E91021F3C,17,3
B4AA16B1-3741-487D-ACBA-2E7E91021F3C,44,3
B4B5E322-270B-472B-9F40-985E6DA18AC6,20,2
B4D3F420-5D5E-487E-8154-536E379E4F0E,33,3
B4D3F420-5D5E-487E-8154-536E379E4F0E,39,3
B4D3F420-5D5E-487E-8154-536E379E4F0E,50,3
B4D3F420-5D5E-487E-8154-536E379E4F0E,80,0
B4D3F420-5D5E-487E-8154-536E379E4F0E,130,0
B4D865A7-F0D9-4E62-BAE4-381578A36CCE,15,3
B4D865A7-F0D9-4E62-BAE4-381578A36CCE,27,3
B4D865A7-F0D9-4E62-BAE4-381578A36CCE,29,3
B4E623E2-2F06-4332-BFE5-A273AE055AD5,7,0
B4E623E2-2F06-4332-BFE5-A273AE055AD5,14,0
B4E623E2-2F06-4332-BFE5-A273AE055AD5,23,1
B4E623E2-2F06-4332-BFE5-A273AE055AD5,34,0
B4E623E2-2F06-4332-BFE5-A273AE055AD5,35,1
B4EBB73C-8F02-44DC-ACB2-A71CF8D8F604,18,3
B4EBB73C-8F02-44DC-ACB2-A71CF8D8F604,22,3
B4EBB73C-8F02-44DC-ACB2-A71CF8D8F604,32,3
B4F90F1C-049F-4EE0-99ED-060E5A883229,50,3
B4F90F1C-049F-4EE0-99ED-060E5A883229,52,3
B51BA577-B3C9-416A-9226-1B5D67A800B8,1,3
B51BA577-B3C9-416A-9226-1B5D67A800B8,5,3
B562EC28-CFC8-4A97-B59F-8967E9EAFAE2,11,3
B562EC28-CFC8-4A97-B59F-8967E9EAFAE2,42,3
B56D8590-805F-443E-B84D-3C6BF394B841,1,3
B56D8590-805F-443E-B84D-3C6BF394B841,14,3
B56D8590-805F-443E-B84D-3C6BF394B841,19,3
B570D174-30AF-441F-BEFD-BA5B6A3CCBCE,73,3
B586D4F4-9FDB-4B43-BC70-14E1E8C83B38,36,3
B596DC79-43B9-4404-A0FF-130A43103D10,2,0
B5B5AC6F-1A6F-44EA-8D6E-FEE5AE9E8A38,13,2
B5B5AC6F-1A6F-44EA-8D6E-FEE5AE9E8A38,36,2
B5C447A0-B71A-4495-872B-354B51679C3B,54,3
b5d26bac-019f-4b66-b1ab-63803fa56730,8,3
B5F93C70-171C-4932-8A07-8467C4A3BFA2,6,2
B5F93C70-171C-4932-8A07-8467C4A3BFA2,12,2
B5F93C70-171C-4932-8A07-8467C4A3BFA2,22,2
B5F93C70-171C-4932-8A07-8467C4A3BFA2,42,2
B5F93C70-171C-4932-8A07-8467C4A3BFA2,55,2
B5FD2102-B6DE-485F-95D3-73E796F2DAFC,6,3
B5FD2102-B6DE-485F-95D3-73E796F2DAFC,25,3
B601AF3A-22C5-4B21-AD85-E7347DA9B6D9,43,3
B605CC8F-DF65-48C1-AFB7-40FB24008F41,10,2
B605CC8F-DF65-48C1-AFB7-40FB24008F41,30,2
B605CC8F-DF65-48C1-AFB7-40FB24008F41,51,2
B605CC8F-DF65-48C1-AFB7-40FB24008F41,54,2
B612700D-29F9-47D1-89D0-1CD4805F45E0,13,3
B612700D-29F9-47D1-89D0-1CD4805F45E0,22,3
B6150BC4-0813-4A8F-A1FF-FA2C38E50625,6,3
B6150BC4-0813-4A8F-A1FF-FA2C38E50625,12,3
B6150BC4-0813-4A8F-A1FF-FA2C38E50625,43,3
B63A13E3-D591-4384-AF77-64EF968CCF09,8,3
B64518F4-88C5-4AAA-8939-EED57B5D5CBB,2,3
B64518F4-88C5-4AAA-8939-EED57B5D5CBB,14,3
B700CE8E-47E4-4390-8040-70437BDFFA4D,4,0
B700CE8E-47E4-4390-8040-70437BDFFA4D,6,6
B700CE8E-47E4-4390-8040-70437BDFFA4D,13,0
B700CE8E-47E4-4390-8040-70437BDFFA4D,17,5
B700CE8E-47E4-4390-8040-70437BDFFA4D,30,0
B700CE8E-47E4-4390-8040-70437BDFFA4D,32,0
B722BC21-AD80-427E-A368-29E0057EC99A,2,6
B72CAA4C-98A2-4B31-A852-C85167DE6F5D,4,3
B72CAA4C-98A2-4B31-A852-C85167DE6F5D,10,3
B72CAA4C-98A2-4B31-A852-C85167DE6F5D,36,3
B74A0E9B-F18C-4782-A1C2-6B07BEBA6B20,1,3
B74A0E9B-F18C-4782-A1C2-6B07BEBA6B20,15,3
B7682953-DCF9-4F62-B9E6-EF99551DE392,14,1
B7682953-DCF9-4F62-B9E6-EF99551DE392,15,3
B7682953-DCF9-4F62-B9E6-EF99551DE392,20,3
B7682953-DCF9-4F62-B9E6-EF99551DE392,23,3
B7682953-DCF9-4F62-B9E6-EF99551DE392,26,3
B7682953-DCF9-4F62-B9E6-EF99551DE392,27,3
B777DBDE-BEDF-46FE-ADC8-B0CA69FC8328,30,3
b7a760c2-75ab-421e-baa8-4468cf1343c9,1,1
b7a760c2-75ab-421e-baa8-4468cf1343c9,15,1
B83D8FE4-3A22-4F24-BD08-D812D9337B80,6,2
B83D8FE4-3A22-4F24-BD08-D812D9337B80,10,0
B83D8FE4-3A22-4F24-BD08-D812D9337B80,31,2
B83D8FE4-3A22-4F24-BD08-D812D9337B80,38,3
B869B766-E7DD-4D4D-8C20-539C963530E5,30,2
B869B766-E7DD-4D4D-8C20-539C963530E5,36,2
B869B766-E7DD-4D4D-8C20-539C963530E5,39,2
b8706ecb-8c40-44a6-bc45-8233a6e38a60,14,1
b8706ecb-8c40-44a6-bc45-8233a6e38a60,19,1
b8706ecb-8c40-44a6-bc45-8233a6e38a60,27,1
b8706ecb-8c40-44a6-bc45-8233a6e38a60,71,1
b8706ecb-8c40-44a6-bc45-8233a6e38a60,105,1
b8706ecb-8c40-44a6-bc45-8233a6e38a60,139,1
b8706ecb-8c40-44a6-bc45-8233a6e38a60,167,1
B87CEB1F-8C71-4ABF-A43E-1977D0630861,14,3
B87CEB1F-8C71-4ABF-A43E-1977D0630861,26,3
B8FB16C4-60AF-47B7-9E5B-95B0CD3CE8A4,8,2
B8FB16C4-60AF-47B7-9E5B-95B0CD3CE8A4,23,2
B92BC40F-3C53-4592-BD8D-643EDB14CBAE,2,3
B92BC40F-3C53-4592-BD8D-643EDB14CBAE,5,3
B92BC40F-3C53-4592-BD8D-643EDB14CBAE,29,3
B92BC40F-3C53-4592-BD8D-643EDB14CBAE,34,3
B96896EC-4A11-4D9A-856B-40D0A276BA65,30,2
b99c5c78-a8b7-4e0c-9c7b-469421971bb6,18,3
b99c5c78-a8b7-4e0c-9c7b-469421971bb6,25,3
b9a0e4cb-8ebe-4244-a6ba-fef3af1b12dc,18,3
b9a0e4cb-8ebe-4244-a6ba-fef3af1b12dc,25,3
B9C395C6-CF69-4BF4-BE16-04C6A070DE80,5,3
B9C395C6-CF69-4BF4-BE16-04C6A070DE80,19,3
B9C395C6-CF69-4BF4-BE16-04C6A070DE80,57,3
B9F21399-2649-4BC9-84AF-64FF3D417006,25,2
B9F21399-2649-4BC9-84AF-64FF3D417006,32,2
B9F21399-2649-4BC9-84AF-64FF3D417006,38,2
BA3B2F60-3F8F-4408-9333-D85853BDFB3F,12,3
BA3B2F60-3F8F-4408-9333-D85853BDFB3F,50,3
BA3B2F60-3F8F-4408-9333-D85853BDFB3F,55,3
BA3B2F60-3F8F-4408-9333-D85853BDFB3F,101,3
BA3B2F60-3F8F-4408-9333-D85853BDFB3F,115,3
BA3B2F60-3F8F-4408-9333-D85853BDFB3F,152,3
BA3B2F60-3F8F-4408-9333-D85853BDFB3F,160,3
BA3B2F60-3F8F-4408-9333-D85853BDFB3F,163,3
BA748806-822F-4F16-B698-902A18EDE674,2,2
BAB20C29-3E4A-40D5-AC84-A28D0C230035,15,2
BAD1CEF4-FAEA-4228-A5BA-37F0D7EF1A28,2,3
BAD1CEF4-FAEA-4228-A5BA-37F0D7EF1A28,5,3
BAD1CEF4-FAEA-4228-A5BA-37F0D7EF1A28,7,3
BAD1CEF4-FAEA-4228-A5BA-37F0D7EF1A28,21,3
BAD1CEF4-FAEA-4228-A5BA-37F0D7EF1A28,28,3
BB03172B-C51D-4F3F-BF76-C155B03B9224,7,3
BB096DF6-D2C6-4B0F-A79A-FCFB1703A74B,20,3
BB3FBC32-A3D1-4B85-B33F-029665E5C57E,30,3
BB3FBC32-A3D1-4B85-B33F-029665E5C57E,38,3
BB4A4EA3-F49D-41AC-867E-320FC1354716,16,2
BBA34C2F-B904-4459-A55A-810AE72F3088,2,2
BBA34C2F-B904-4459-A55A-810AE72F3088,8,4
BBA34C2F-B904-4459-A55A-810AE72F3088,19,4
BBA34C2F-B904-4459-A55A-810AE72F3088,49,4
BBAAB322-47AC-4378-9E0C-14232530F659,4,3
BBAAB322-47AC-4378-9E0C-14232530F659,9,3
BBAAB322-47AC-4378-9E0C-14232530F659,12,3
BBAAB322-47AC-4378-9E0C-14232530F659,33,3
BBC27666-E478-4EF1-A121-DB200360F75C,26,2
BBE0319C-76C0-4E91-A1C2-654FEA2C2871,40,2
BBE0319C-76C0-4E91-A1C2-654FEA2C2871,57,2
BBE0319C-76C0-4E91-A1C2-654FEA2C2871,76,2
BC28A5A9-CE59-4D0C-BDC7-0784948BEBC2,4,3
BC28A5A9-CE59-4D0C-BDC7-0784948BEBC2,17,3
BC28A5A9-CE59-4D0C-BDC7-0784948BEBC2,33,3
BC28A5A9-CE59-4D0C-BDC7-0784948BEBC2,39,3
BC28A5A9-CE59-4D0C-BDC7-0784948BEBC2,98,3
BC28A5A9-CE59-4D0C-BDC7-0784948BEBC2,100,3
BC5CCFBB-5EC9-411A-97B8-26473280A429,9,2
BC5CCFBB-5EC9-411A-97B8-26473280A429,25,2
BC7B388A-91F2-4D56-9642-6BFBEC55A6D2,5,3
BC7B388A-91F2-4D56-9642-6BFBEC55A6D2,14,3
BC7B388A-91F2-4D56-9642-6BFBEC55A6D2,58,3
BC9A1A9D-4405-4735-B8FD-C7C828E8A94D,9,2
BC9A1A9D-4405-4735-B8FD-C7C828E8A94D,12,2
BC9A1A9D-4405-4735-B8FD-C7C828E8A94D,51,2
BCC2F378-9821-48D4-A226-1E6950FF64A3,8,2
BCC2F378-9821-48D4-A226-1E6950FF64A3,15,2
BCC2F378-9821-48D4-A226-1E6950FF64A3,29,2
BCC2F378-9821-48D4-A226-1E6950FF64A3,41,2
BCF3E6B9-D2EB-4595-9A38-BE489C7F8877,80,3
BCF3E6B9-D2EB-4595-9A38-BE489C7F8877,87,3
BCF3E6B9-D2EB-4595-9A38-BE489C7F8877,115,3
BD3CE2E1-FF48-44A1-AB32-980C4CA1022C,6,3
BD3CE2E1-FF48-44A1-AB32-980C4CA1022C,25,3
BD3CE2E1-FF48-44A1-AB32-980C4CA1022C,33,3
BD3CE2E1-FF48-44A1-AB32-980C4CA1022C,59,3
BD3CE2E1-FF48-44A1-AB32-980C4CA1022C,98,3
BD58B3B3-DF60-4176-A77C-4B05AC9A504A,8,3
BD58B3B3-DF60-4176-A77C-4B05AC9A504A,21,3
BD58B3B3-DF60-4176-A77C-4B05AC9A504A,28,3
BD58B3B3-DF60-4176-A77C-4B05AC9A504A,49,3
BD5B5EB7-6653-4B1B-B1BA-DD3C3B5A0221,2,4
BD5B5EB7-6653-4B1B-B1BA-DD3C3B5A0221,8,4
BD5B5EB7-6653-4B1B-B1BA-DD3C3B5A0221,29,4
BD5B5EB7-6653-4B1B-B1BA-DD3C3B5A0221,35,4
BD839204-0F85-4E1A-8BDA-EE1AF8BF555D,11,2
BDAB43E0-A14D-43C3-AACF-B17F69141C6A,5,3
BDBB118E-94AA-489C-B508-651C50688FF8,4,0
BDBB118E-94AA-489C-B508-651C50688FF8,6,0
BDBB118E-94AA-489C-B508-651C50688FF8,9,0
BDBB118E-94AA-489C-B508-651C50688FF8,10,3
BDBB118E-94AA-489C-B508-651C50688FF8,13,0
BDBB118E-94AA-489C-B508-651C50688FF8,17,0
BDBB118E-94AA-489C-B508-651C50688FF8,24,3
BDBB118E-94AA-489C-B508-651C50688FF8,30,0
BDBB118E-94AA-489C-B508-651C50688FF8,31,0
BDBB118E-94AA-489C-B508-651C50688FF8,36,3
bdc29ac8-627e-44b5-a419-624c138edb1b,2,0
bdc29ac8-627e-44b5-a419-624c138edb1b,5,2
bdc29ac8-627e-44b5-a419-624c138edb1b,73,0
bdc29ac8-627e-44b5-a419-624c138edb1b,85,2
BDC2C279-6A5E-4088-8D8D-D8F38C1BD888,11,3
BDC2C279-6A5E-4088-8D8D-D8F38C1BD888,48,3
BDEFAE44-1407-4896-9306-744AB65A916A,36,3
BDEFAE44-1407-4896-9306-744AB65A916A,54,3
BE03A531-AE97-4445-8D67-44E20E5E97E6,14,3
BE03A531-AE97-4445-8D67-44E20E5E97E6,37,3
BE0BE4E9-9270-41C5-BE65-42FBA3D7FD14,2,3
BE0BE4E9-9270-41C5-BE65-42FBA3D7FD14,5,3
BE0BE4E9-9270-41C5-BE65-42FBA3D7FD14,41,3
BE392F61-9CCF-4A20-85A8-4AC2C2C6805B,8,3
BE392F61-9CCF-4A20-85A8-4AC2C2C6805B,35,3
BE392F61-9CCF-4A20-85A8-4AC2C2C6805B,37,3
BE6DE14A-74D8-4D3E-B806-9F849B654199,27,2
BE6DE14A-74D8-4D3E-B806-9F849B654199,34,5
BE89CD6A-7EDD-42DB-97C0-40177A8FC197,20,3
BE89CD6A-7EDD-42DB-97C0-40177A8FC197,23,3
BE89CD6A-7EDD-42DB-97C0-40177A8FC197,41,3
BE89CD6A-7EDD-42DB-97C0-40177A8FC197,58,3
bea0a860-0e48-4c95-ab57-e73db77b1063,5,1
bea0a860-0e48-4c95-ab57-e73db77b1063,7,1
bea0a860-0e48-4c95-ab57-e73db77b1063,29,1
BEA4589B-C166-46EE-90A4-0C38EB519CA2,11,2
BEA4589B-C166-46EE-90A4-0C38EB519CA2,17,2
BEA4589B-C166-46EE-90A4-0C38EB519CA2,22,2
BEA4589B-C166-46EE-90A4-0C38EB519CA2,24,2
BEC79A17-52FA-4610-A087-A57471FD6529,46,1
BED1C6F9-25AB-4D75-B7CE-E862CE8421E0,18,3
BED1C6F9-25AB-4D75-B7CE-E862CE8421E0,39,3
BED1C6F9-25AB-4D75-B7CE-E862CE8421E0,59,3
BED77666-1B65-4D86-98E9-E7807B504091,5,3
BED77666-1B65-4D86-98E9-E7807B504091,96,3
BEDA739A-338D-4B50-9603-255F31FFEB3C,29,2
BEDA739A-338D-4B50-9603-255F31FFEB3C,57,2
BF04ABB3-1492-4055-85BF-5BA296A6F6B6,1,2
BF890F46-591F-4CC1-9539-A962726295E7,4,3
BF890F46-591F-4CC1-9539-A962726295E7,9,3
BF890F46-591F-4CC1-9539-A962726295E7,12,3
BF890F46-591F-4CC1-9539-A962726295E7,16,3
BF890F46-591F-4CC1-9539-A962726295E7,31,4
BFDE0EFC-DB98-47E6-843E-CA924192C267,2,3
BFDE0EFC-DB98-47E6-843E-CA924192C267,21,3
BFDF105D-B334-4E5D-B103-3BEB609E5A2A,68,3
c014b58a-1181-4c57-a15a-221c502acdc3,53,4
c014b58a-1181-4c57-a15a-221c502acdc3,107,4
c014b58a-1181-4c57-a15a-221c502acdc3,127,4
C0155528-208F-454F-8399-B568D4AB12A3,31,3
C0155528-208F-454F-8399-B568D4AB12A3,44,3
C042DA46-6410-4BA9-A2BC-2F1B5AD4C9AD,23,3
C042DA46-6410-4BA9-A2BC-2F1B5AD4C9AD,26,0
C042DA46-6410-4BA9-A2BC-2F1B5AD4C9AD,35,3
C08A37B6-FFCC-4EDA-8C93-6025ADE783F2,15,2
C08A37B6-FFCC-4EDA-8C93-6025ADE783F2,60,2
C08FD4E2-7EC3-4A04-B07F-1377F4D15F11,13,3
C08FD4E2-7EC3-4A04-B07F-1377F4D15F11,38,3
C08FD4E2-7EC3-4A04-B07F-1377F4D15F11,48,3
C0AFCEA7-3FEE-4820-A533-A64A3A243587,31,3
C0AFCEA7-3FEE-4820-A533-A64A3A243587,48,3
C0B97F4A-F67A-4843-B1FB-1930E986F6F3,1,2
C0B97F4A-F67A-4843-B1FB-1930E986F6F3,7,2
C0B97F4A-F67A-4843-B1FB-1930E986F6F3,20,6
C0B97F4A-F67A-4843-B1FB-1930E986F6F3,27,2
C0BAB470-3DCE-460C-B3E4-59B563EDDD49,29,3
C0BF606E-90DC-459D-BAE5-A9FD48A0B1E5,3,3
C0BF606E-90DC-459D-BAE5-A9FD48A0B1E5,8,3
C0BF606E-90DC-459D-BAE5-A9FD48A0B1E5,19,0
C0BF606E-90DC-459D-BAE5-A9FD48A0B1E5,27,0
C0BF606E-90DC-459D-BAE5-A9FD48A0B1E5,29,0
C0BF606E-90DC-459D-BAE5-A9FD48A0B1E5,35,0
c0d9f688-1273-4c97-b2c0-2d6f02816c78,6,3
c0d9f688-1273-4c97-b2c0-2d6f02816c78,64,3
C0F49C0E-80F4-4C4F-BF9E-8E25D5828A07,1,3
C0F49C0E-80F4-4C4F-BF9E-8E25D5828A07,7,3
C0F49C0E-80F4-4C4F-BF9E-8E25D5828A07,15,3
C0F49C0E-80F4-4C4F-BF9E-8E25D5828A07,21,3
C0F66A1E-0786-4990-B311-5B7B2189B4A9,6,3
C0F66A1E-0786-4990-B311-5B7B2189B4A9,54,3
C147311C-FF9E-4C61-9652-74674499E2FF,14,3
C147311C-FF9E-4C61-9652-74674499E2FF,21,3
C147311C-FF9E-4C61-9652-74674499E2FF,46,3
C14794C3-4805-4223-82C8-7EFBF7865215,9,3
C16F9BA1-E1BC-485F-A6EE-D9C438C88C41,31,3
C1C70BDB-88CC-43B7-964B-FD46582F7E14,6,3
C1C70BDB-88CC-43B7-964B-FD46582F7E14,10,3
C1CA0FF7-2512-4998-B4A4-CCA781031A98,27,3
C2256FA0-E359-41CD-ACED-C10F228242BD,9,0
C2256FA0-E359-41CD-ACED-C10F228242BD,13,0
C2256FA0-E359-41CD-ACED-C10F228242BD,33,0
C2256FA0-E359-41CD-ACED-C10F228242BD,44,0
C2554ADD-13B3-4970-9AE4-65383AF51110,7,3
C2554ADD-13B3-4970-9AE4-65383AF51110,15,3
C2554ADD-13B3-4970-9AE4-65383AF51110,34,3
C2554ADD-13B3-4970-9AE4-65383AF51110,37,3
C2B182CF-0385-4982-BFFF-C5636C7F6307,25,3
C2E7A5DF-E30B-4A1A-BA05-590A6C358D13,24,3
C307B06F-1CCC-4282-B387-7011FBACCBE0,34,6
C3314127-AF41-4911-B72B-C989151AAA7B,14,2
C3314127-AF41-4911-B72B-C989151AAA7B,20,2
C3314127-AF41-4911-B72B-C989151AAA7B,23,0
c3422b3f-a138-4b45-bd6a-dcf5a89687b2,8,0
c3422b3f-a138-4b45-bd6a-dcf5a89687b2,23,0
C3A139C0-D075-4CCC-BCE4-BA170484A527,1,3
C3A139C0-D075-4CCC-BCE4-BA170484A527,3,3
C3A44C07-4B59-4BC5-BED2-D398883EBA3F,4,3
C3A44C07-4B59-4BC5-BED2-D398883EBA3F,6,3
C3A44C07-4B59-4BC5-BED2-D398883EBA3F,12,3
C3A710C5-0C49-4C8A-8F17-4FEADFC0F594,9,2
C3A710C5-0C49-4C8A-8F17-4FEADFC0F594,12,0
C3A710C5-0C49-4C8A-8F17-4FEADFC0F594,22,2
C3AB6DC8-2FCF-4343-A842-64DEC2FB92E3,10,6
C3AB6DC8-2FCF-4343-A842-64DEC2FB92E3,18,2
C3AB6DC8-2FCF-4343-A842-64DEC2FB92E3,30,2
C3AB6DC8-2FCF-4343-A842-64DEC2FB92E3,36,0
C3AB6DC8-2FCF-4343-A842-64DEC2FB92E3,39,2
c3ab76ff-2fd8-4441-83e3-826867cce52f,33,3
c3ab76ff-2fd8-4441-83e3-826867cce52f,48,3
C3B63196-8BDA-404F-8DFF-49E5ED08A0D8,6,2
C3B63196-8BDA-404F-8DFF-49E5ED08A0D8,11,2
C3B63196-8BDA-404F-8DFF-49E5ED08A0D8,13,2
C3B63196-8BDA-404F-8DFF-49E5ED08A0D8,17,2
C3B91EDB-1129-40DC-A598-0D5E3091EABE,3,3
C3B91EDB-1129-40DC-A598-0D5E3091EABE,7,3
C3B91EDB-1129-40DC-A598-0D5E3091EABE,35,3
C3B91EDB-1129-40DC-A598-0D5E3091EABE,89,3
C3B91EDB-1129-40DC-A598-0D5E3091EABE,91,3
C3CB32B4-8BE5-44EB-AC9A-B53E6B7EB715,9,3
C3CDC74B-592B-45F3-A528-A508C4FFE552,6,3
C3CDC74B-592B-45F3-A528-A508C4FFE552,9,3
C3CDC74B-592B-45F3-A528-A508C4FFE552,32,3
C3FBA3AA-1306-4CF6-AB06-44BEF253D80F,30,2
C3FBA3AA-1306-4CF6-AB06-44BEF253D80F,38,2
C4076FD8-D7E8-4BC2-AAF9-9361D23F8ABA,8,3
C4392B4E-8522-46B8-8A6B-B3D845B68EEB,43,3
C4392B4E-8522-46B8-8A6B-B3D845B68EEB,59,2
C4392B4E-8522-46B8-8A6B-B3D845B68EEB,68,3
C4392B4E-8522-46B8-8A6B-B3D845B68EEB,87,3
C4392B4E-8522-46B8-8A6B-B3D845B68EEB,92,3
C44B67FA-6D0F-4416-8DF4-214CBBC54E09,13,0
C44B67FA-6D0F-4416-8DF4-214CBBC54E09,31,2
C46E44FD-11FA-4AE8-8CFF-AD033F88EF77,5,3
c4b1046b-f47d-4257-beb1-1e454e84ffd2,61,3
c4b1046b-f47d-4257-beb1-1e454e84ffd2,69,3
C4C645B8-337A-4AE2-86B9-70F4617ACCED,20,2
C4FADEEB-C471-4AC7-9410-5EA3E304532C,4,0
C4FADEEB-C471-4AC7-9410-5EA3E304532C,6,0
C4FADEEB-C471-4AC7-9410-5EA3E304532C,9,0
C4FADEEB-C471-4AC7-9410-5EA3E304532C,11,0
C4FADEEB-C471-4AC7-9410-5EA3E304532C,13,0
C4FADEEB-C471-4AC7-9410-5EA3E304532C,16,0
c4fc37bc-0902-4c7b-bf72-91591b41b029,22,1
c4fc37bc-0902-4c7b-bf72-91591b41b029,42,1
c4fc37bc-0902-4c7b-bf72-91591b41b029,43,0
c4fc37bc-0902-4c7b-bf72-91591b41b029,48,3
c4fc37bc-0902-4c7b-bf72-91591b41b029,52,0
c4fc37bc-0902-4c7b-bf72-91591b41b029,54,0
c4fc37bc-0902-4c7b-bf72-91591b41b029,63,1
c4fc37bc-0902-4c7b-bf72-91591b41b029,68,1
C505CB07-D402-4956-8CF7-66E9A67E1902,5,3
C505CB07-D402-4956-8CF7-66E9A67E1902,8,3
C505CB07-D402-4956-8CF7-66E9A67E1902,14,3
C505CB07-D402-4956-8CF7-66E9A67E1902,41,3
C524A24A-E900-4FCB-B1D7-C15BCBE6A65B,12,3
C524A24A-E900-4FCB-B1D7-C15BCBE6A65B,22,3
C524A24A-E900-4FCB-B1D7-C15BCBE6A65B,36,3
C524A24A-E900-4FCB-B1D7-C15BCBE6A65B,43,3
C5530512-7031-4756-999E-F34A300AFD07,2,3
C5530512-7031-4756-999E-F34A300AFD07,5,3
C5530512-7031-4756-999E-F34A300AFD07,7,3
C5530512-7031-4756-999E-F34A300AFD07,37,3
C56A6211-1F2D-43C0-8D1A-2CFB8B530272,67,0
C57A89C2-E01D-426C-B819-31F78CEE7C15,12,3
C57A89C2-E01D-426C-B819-31F78CEE7C15,17,3
C5C7039A-6B14-4AC1-BC8B-B3EA68D07DFA,21,2
c5cbb311-a9bb-4044-9230-fdad83bdd757,1,
c5cbb311-a9bb-4044-9230-fdad83bdd757,14,3
C620894E-3DCE-49BE-9DA0-FC9E1F0EE872,126,3
C6426E4B-7D24-4D90-B876-A451E2A98B09,12,2
C6426E4B-7D24-4D90-B876-A451E2A98B09,16,2
C6A844AA-78B3-4B16-AE2C-F26A63AC69D4,11,3
C6A844AA-78B3-4B16-AE2C-F26A63AC69D4,13,3
C6A844AA-78B3-4B16-AE2C-F26A63AC69D4,42,3
c6e009b4-dec0-4636-9a1f-56a092699097,9,3
c6e009b4-dec0-4636-9a1f-56a092699097,42,3
c6e009b4-dec0-4636-9a1f-56a092699097,54,3
C6F021B7-F137-4CB3-B8A7-B2681D3F606E,11,3
C6F021B7-F137-4CB3-B8A7-B2681D3F606E,32,3
C6FDC17C-14FB-415D-A3A7-5DF9E9E18583,28,3
C7538DF5-442C-4CA0-B776-EB9AF04394B2,30,3
c7572e3d-ce54-4119-bcce-0c929470b78b,14,1
c7572e3d-ce54-4119-bcce-0c929470b78b,40,3
c7572e3d-ce54-4119-bcce-0c929470b78b,79,1
c7572e3d-ce54-4119-bcce-0c929470b78b,88,1
C75F3E54-FA9B-44B0-9BD3-B60E9864E6E4,8,2
C75F3E54-FA9B-44B0-9BD3-B60E9864E6E4,23,2
c76fb01d-e9dd-4e5b-a804-1c90b90d0fc9,1,3
C7816014-F7EB-4410-86AF-8F9E95829F36,31,2
c78fb261-7ed7-4ce1-a6ef-0d1cb49442a2,9,2
c78fb261-7ed7-4ce1-a6ef-0d1cb49442a2,18,2
c78fb261-7ed7-4ce1-a6ef-0d1cb49442a2,33,2
c78fb261-7ed7-4ce1-a6ef-0d1cb49442a2,38,2
c78fb261-7ed7-4ce1-a6ef-0d1cb49442a2,47,2
c78fb261-7ed7-4ce1-a6ef-0d1cb49442a2,64,2
c78fb261-7ed7-4ce1-a6ef-0d1cb49442a2,81,2
c78fb261-7ed7-4ce1-a6ef-0d1cb49442a2,97,2
c7ccab10-8e72-48c3-a051-e7a2bd2035af,10,2
c7ccab10-8e72-48c3-a051-e7a2bd2035af,107,2
C80900DC-9681-4D3E-8478-AE5005BBA960,4,3
C80900DC-9681-4D3E-8478-AE5005BBA960,6,3
C80900DC-9681-4D3E-8478-AE5005BBA960,12,3
C80D4DDB-F263-40CC-B5EB-C46E5D3BFEAB,37,2
C81FDFB9-1C9A-426A-88E1-EBFCB88B3B46,20,3
C81FDFB9-1C9A-426A-88E1-EBFCB88B3B46,23,3
C86C2565-0D0A-4673-8F8C-5B1E536C72F9,32,3
C8946480-CF03-4E3E-9875-E2AFD6D90A84,20,3
C8A63FC6-A2EC-4255-8D28-312C1C30B104,10,3
C8A63FC6-A2EC-4255-8D28-312C1C30B104,12,3
C8A63FC6-A2EC-4255-8D28-312C1C30B104,32,3
C8A63FC6-A2EC-4255-8D28-312C1C30B104,42,3
C8D0E74B-0A6B-4B95-A704-C965E633A75B,27,2
C8D0E74B-0A6B-4B95-A704-C965E633A75B,37,3
C8DF3AF5-C801-4DBA-9A9C-171056AE6703,30,3
C9147D23-0F03-460F-A474-F3B5627E737F,12,3
C9147D23-0F03-460F-A474-F3B5627E737F,42,3
C9147D23-0F03-460F-A474-F3B5627E737F,48,0
C92D4FC6-2D1E-4C09-A6BD-8741E32479B7,33,3
C92D4FC6-2D1E-4C09-A6BD-8741E32479B7,44,3
C931B767-4CE4-464C-A69D-F594F0810D83,4,3
C945C5D2-A3ED-4017-BED3-39D6C4947F2F,4,2
C9544260-34CD-426B-A994-84951A197738,31,3
c958d786-f8d8-440f-a4d2-a5e50f2bac70,66,
c958d786-f8d8-440f-a4d2-a5e50f2bac70,66,2
c958d786-f8d8-440f-a4d2-a5e50f2bac70,66,2
c958d786-f8d8-440f-a4d2-a5e50f2bac70,66,2
c958d786-f8d8-440f-a4d2-a5e50f2bac70,66,0
c958d786-f8d8-440f-a4d2-a5e50f2bac70,66,0
c958d786-f8d8-440f-a4d2-a5e50f2bac70,66,0
c958d786-f8d8-440f-a4d2-a5e50f2bac70,66,3
C95F4C1F-3FF4-4B82-89B7-A8351126265C,1,2
C95F4C1F-3FF4-4B82-89B7-A8351126265C,7,2
C95F4C1F-3FF4-4B82-89B7-A8351126265C,19,2
C95F4C1F-3FF4-4B82-89B7-A8351126265C,34,2
C978030E-A8E5-4A0C-91B3-16C3BEDFA434,4,2
C978030E-A8E5-4A0C-91B3-16C3BEDFA434,10,2
C98BDD6F-BD9A-4871-8547-473FBD2BC19B,4,3
C98BDD6F-BD9A-4871-8547-473FBD2BC19B,13,3
C98BDD6F-BD9A-4871-8547-473FBD2BC19B,16,3
C9921A48-30BE-4BAC-8AA0-832D2BE9B337,4,3
C9921A48-30BE-4BAC-8AA0-832D2BE9B337,9,3
C9921A48-30BE-4BAC-8AA0-832D2BE9B337,12,3
C9921A48-30BE-4BAC-8AA0-832D2BE9B337,17,3
C9921A48-30BE-4BAC-8AA0-832D2BE9B337,22,3
C9921A48-30BE-4BAC-8AA0-832D2BE9B337,25,3
C9921A48-30BE-4BAC-8AA0-832D2BE9B337,30,3
C9BC370F-3F1C-42CB-8626-10ED103A5A91,34,3
CA148423-391B-4D4D-BEDB-FBE458C21737,5,1
CA20CFC8-91E8-44CA-AA49-33DC996E8C60,4,3
CA20CFC8-91E8-44CA-AA49-33DC996E8C60,6,3
CA20CFC8-91E8-44CA-AA49-33DC996E8C60,18,3
CA20CFC8-91E8-44CA-AA49-33DC996E8C60,24,3
CA20CFC8-91E8-44CA-AA49-33DC996E8C60,36,3
CA20CFC8-91E8-44CA-AA49-33DC996E8C60,38,3
ca35a143-065b-4fc9-895e-155f884a0eca,50,2
cab68082-2a44-4eaf-b227-7dd160efd1fc,11,0
cab68082-2a44-4eaf-b227-7dd160efd1fc,50,0
cab68082-2a44-4eaf-b227-7dd160efd1fc,54,0
CB133118-F26A-4788-BCA5-DF6DB78929DE,9,3
CB18A49B-E300-494A-9238-7EC46DCB094B,10,2
CB1A96E3-3040-4E17-922C-3798C208F527,29,3
CB1A96E3-3040-4E17-922C-3798C208F527,34,3
CB5A59BE-F209-4683-B43B-0CE2D1053D02,1,6
CB5A59BE-F209-4683-B43B-0CE2D1053D02,8,2
CB5A59BE-F209-4683-B43B-0CE2D1053D02,14,2
CB5A59BE-F209-4683-B43B-0CE2D1053D02,21,2
CB5A59BE-F209-4683-B43B-0CE2D1053D02,29,2
CB5DAC54-E947-4A03-A00D-76E36AC07360,16,4
CB7197F1-2540-4EED-9530-5D215A593AEE,6,3
CB7197F1-2540-4EED-9530-5D215A593AEE,11,3
CB7197F1-2540-4EED-9530-5D215A593AEE,31,3
CB7197F1-2540-4EED-9530-5D215A593AEE,36,3
CB7197F1-2540-4EED-9530-5D215A593AEE,47,3
CB727AC7-2E66-41FB-AB86-FDB362DF3D78,16,0
CB727AC7-2E66-41FB-AB86-FDB362DF3D78,63,0
CB741B05-B3F5-46DD-A0F7-1AA197A3267C,1,2
CBAB5D0C-0F00-4C98-99C0-F1118837714D,8,3
CBAB5D0C-0F00-4C98-99C0-F1118837714D,21,3
CBAB5D0C-0F00-4C98-99C0-F1118837714D,23,3
CBF48937-2DCA-4DDF-82C8-40427073E608,2,3
CBF48937-2DCA-4DDF-82C8-40427073E608,8,3
CBF48937-2DCA-4DDF-82C8-40427073E608,69,3
CC0772EF-2586-4C5E-AF5F-448A7C4CEB99,66,2
CC2D1652-40C1-4FBD-9B61-938ED5711475,1,3
CC2D1652-40C1-4FBD-9B61-938ED5711475,3,3
CC508F8F-CD22-4A1A-871B-E3148CE2024D,19,1
CC508F8F-CD22-4A1A-871B-E3148CE2024D,23,1
CC508F8F-CD22-4A1A-871B-E3148CE2024D,27,1
CC508F8F-CD22-4A1A-871B-E3148CE2024D,29,1
CC508F8F-CD22-4A1A-871B-E3148CE2024D,34,1
CC508F8F-CD22-4A1A-871B-E3148CE2024D,37,1
CC8ACD7E-6E4E-4FFF-9F09-3556918ACBA5,3,0
CC8ACD7E-6E4E-4FFF-9F09-3556918ACBA5,15,1
CC8ACD7E-6E4E-4FFF-9F09-3556918ACBA5,26,0
CC8ACD7E-6E4E-4FFF-9F09-3556918ACBA5,28,0
CC8ACD7E-6E4E-4FFF-9F09-3556918ACBA5,29,3
CC8ACD7E-6E4E-4FFF-9F09-3556918ACBA5,35,0
cc8c3b0c-4320-4365-bc35-ed2f1c12b191,4,0
cc8c3b0c-4320-4365-bc35-ed2f1c12b191,9,0
cc8c3b0c-4320-4365-bc35-ed2f1c12b191,22,0
cc8c3b0c-4320-4365-bc35-ed2f1c12b191,24,0
cc8c3b0c-4320-4365-bc35-ed2f1c12b191,31,0
cc8c3b0c-4320-4365-bc35-ed2f1c12b191,33,0
CC96E4E2-4EA8-45C6-ACD5-BBE151488E90,21,2
CCA0E24A-9806-416E-8C59-6FA2032BA447,8,3
CCA0E24A-9806-416E-8C59-6FA2032BA447,37,3
CCA0E24A-9806-416E-8C59-6FA2032BA447,57,3
CCAE9FA7-3A01-4F69-9AC1-3AA1AEF394B4,29,3
CCB400FB-FA31-4B6B-BEA0-A42A25176475,35,3
CCCF8F51-5231-4A66-B2B4-0294556ECD79,2,2
CCCF8F51-5231-4A66-B2B4-0294556ECD79,20,2
CCFCB781-A9B6-4276-86C0-D8EF54907E97,4,3
CCFCB781-A9B6-4276-86C0-D8EF54907E97,9,3
CCFCB781-A9B6-4276-86C0-D8EF54907E97,16,3
CCFCB781-A9B6-4276-86C0-D8EF54907E97,25,3
CCFCB781-A9B6-4276-86C0-D8EF54907E97,31,3
CCFCB781-A9B6-4276-86C0-D8EF54907E97,39,3
CD08F3E4-2A0D-4702-AF9D-07FF57919502,2,2
CD08F3E4-2A0D-4702-AF9D-07FF57919502,8,2
CD08F3E4-2A0D-4702-AF9D-07FF57919502,28,2
CD08F3E4-2A0D-4702-AF9D-07FF57919502,58,2
CD08F3E4-2A0D-4702-AF9D-07FF57919502,62,2
CD08F3E4-2A0D-4702-AF9D-07FF57919502,93,2
CD1EE1FB-DBFA-4FF6-867F-823F2EE0558F,11,3
CD1EE1FB-DBFA-4FF6-867F-823F2EE0558F,44,3
CD1EE1FB-DBFA-4FF6-867F-823F2EE0558F,48,3
CD49CAE5-8882-4C87-88D8-46E6967075F9,48,2
CD49CAE5-8882-4C87-88D8-46E6967075F9,50,2
CD49CAE5-8882-4C87-88D8-46E6967075F9,54,2
CD4A57F2-D2C1-4EEC-96F5-1266EFC7E1C8,17,3
CD4A57F2-D2C1-4EEC-96F5-1266EFC7E1C8,54,3
CD4B61E8-638D-46DC-AAC5-8D3D8CA728DE,2,1
CD4B61E8-638D-46DC-AAC5-8D3D8CA728DE,28,0
CD98DE78-DECB-4493-8BD9-C548D8974BB6,4,3
CDDF5E4C-18A8-4FF1-AEAF-32ACF57D1A14,15,6
CE0D1205-B0CF-418C-A147-D8C893D38E21,10,3
CE5A9E1C-CA6E-4DF8-A11F-619792A1A84C,15,3
CE5A9E1C-CA6E-4DF8-A11F-619792A1A84C,21,3
CE700C07-DA57-4303-9A9A-0DD0277E81BA,28,3
CE700C07-DA57-4303-9A9A-0DD0277E81BA,34,3
CE700C07-DA57-4303-9A9A-0DD0277E81BA,41,3
CE700C07-DA57-4303-9A9A-0DD0277E81BA,71,3
CE700C07-DA57-4303-9A9A-0DD0277E81BA,75,3
CEA5760C-42D5-478D-A5B9-64D2B8020179,15,3
CEB42C64-F990-4D2F-8498-293884F04E4D,20,3
CEB42C64-F990-4D2F-8498-293884F04E4D,23,3
CEB42C64-F990-4D2F-8498-293884F04E4D,28,3
CEB42C64-F990-4D2F-8498-293884F04E4D,37,3
CECC6D3B-B092-4192-9AFB-5C4BFCD7DF59,3,3
CECC6D3B-B092-4192-9AFB-5C4BFCD7DF59,37,3
CECF0A80-A353-4A31-880C-792F3A4499C7,6,2
CECF0A80-A353-4A31-880C-792F3A4499C7,13,2
CECF0A80-A353-4A31-880C-792F3A4499C7,17,2
CECF0A80-A353-4A31-880C-792F3A4499C7,25,2
CECF0A80-A353-4A31-880C-792F3A4499C7,44,2
CEE933E5-EC4D-49C7-80F0-64683919DE13,127,2
CEE933E5-EC4D-49C7-80F0-64683919DE13,138,2
CEF147DF-EF75-4B3E-B32A-DC01D5EFB76A,11,3
CF690EE8-8761-43AE-9B61-0254AA34CE3C,2,2
CF690EE8-8761-43AE-9B61-0254AA34CE3C,5,2
CF690EE8-8761-43AE-9B61-0254AA34CE3C,14,2
CF690EE8-8761-43AE-9B61-0254AA34CE3C,15,2
CF690EE8-8761-43AE-9B61-0254AA34CE3C,21,0
CF690EE8-8761-43AE-9B61-0254AA34CE3C,23,2
CF690EE8-8761-43AE-9B61-0254AA34CE3C,26,2
CF690EE8-8761-43AE-9B61-0254AA34CE3C,28,3
CFA755DB-0AED-44F8-A52C-3406BCA20960,36,2
CFE665E6-338A-4DE1-885E-EB195AC2EA0B,3,3
CFF78DFC-527D-456C-9E02-2E2E62869B59,6,3
CFF78DFC-527D-456C-9E02-2E2E62869B59,9,3
CFF78DFC-527D-456C-9E02-2E2E62869B59,13,3
CFF78DFC-527D-456C-9E02-2E2E62869B59,42,3
CFF78DFC-527D-456C-9E02-2E2E62869B59,52,3
D01BC94C-75F0-4117-AA3F-F4DA305F2E56,36,6
D01BC94C-75F0-4117-AA3F-F4DA305F2E56,47,6
D01BC94C-75F0-4117-AA3F-F4DA305F2E56,53,6
D01BC94C-75F0-4117-AA3F-F4DA305F2E56,67,3
d0205d8c-99b2-4578-8117-ff418215e99c,36,3
D045FE9F-D93C-4BA6-96CF-3FBEECCFC77B,2,3
D045FE9F-D93C-4BA6-96CF-3FBEECCFC77B,29,3
D045FE9F-D93C-4BA6-96CF-3FBEECCFC77B,57,3
D0515FD7-5B27-4B54-A783-E65241F45F2C,8,3
D0515FD7-5B27-4B54-A783-E65241F45F2C,28,3
d06abb75-527e-4b42-8097-48b485ea66b2,102,3
D08305E3-D7F2-4DAF-B583-0F7E67D336A4,5,3
D08305E3-D7F2-4DAF-B583-0F7E67D336A4,27,3
D0EC883C-68E5-4AEA-8B3C-158B964A570D,4,2
D0EC883C-68E5-4AEA-8B3C-158B964A570D,6,3
d0f1d81d-c34d-4c40-b5d1-c8fb7bfe1f05,1,2
d0f1d81d-c34d-4c40-b5d1-c8fb7bfe1f05,74,6
D12F6CBB-C307-45B4-83E9-5AB5C72B3C75,7,3
D14C0A4F-07A9-4298-AB65-FE9E6227EFB7,1,3
D14C0A4F-07A9-4298-AB65-FE9E6227EFB7,14,3
D14C0A4F-07A9-4298-AB65-FE9E6227EFB7,19,3
D14C0A4F-07A9-4298-AB65-FE9E6227EFB7,21,3
D14C0A4F-07A9-4298-AB65-FE9E6227EFB7,34,3
D14C0A4F-07A9-4298-AB65-FE9E6227EFB7,57,3
D14F280A-1545-4257-B9FC-68F3CBEFA9FC,12,2
D14F280A-1545-4257-B9FC-68F3CBEFA9FC,43,2
D16B81D0-B178-4E6A-B058-406BBA1F1A4D,127,3
D16B81D0-B178-4E6A-B058-406BBA1F1A4D,173,3
D19247E5-E9AE-42C7-B218-0D7386731615,2,3
D19247E5-E9AE-42C7-B218-0D7386731615,5,3
D1C9D715-89DF-4407-B9D0-E5731DC61F32,25,3
D1CA33E5-587D-4595-B04E-FFDDCEE01B57,4,2
D1CA33E5-587D-4595-B04E-FFDDCEE01B57,10,2
D1CA33E5-587D-4595-B04E-FFDDCEE01B57,17,2
D1D29AF0-9BE5-448D-B260-4955C7E030F6,10,1
D1D29AF0-9BE5-448D-B260-4955C7E030F6,25,1
D1D29AF0-9BE5-448D-B260-4955C7E030F6,31,1
d1d6b0be-7f83-4f52-bd57-2f5e713f8c5b,18,3
d1d6b0be-7f83-4f52-bd57-2f5e713f8c5b,48,3
D1D7E9B9-A33A-4014-9DC2-8786958FC0CF,8,2
D1D7E9B9-A33A-4014-9DC2-8786958FC0CF,34,2
D1D7E9B9-A33A-4014-9DC2-8786958FC0CF,85,2
D1D7E9B9-A33A-4014-9DC2-8786958FC0CF,96,2
D1DF73D7-82FE-4538-B319-C6834508A7FB,9,3
D1DF73D7-82FE-4538-B319-C6834508A7FB,18,3
D216CFB7-161E-4CAC-B549-6B40DA5044CE,9,2
D216CFB7-161E-4CAC-B549-6B40DA5044CE,22,2
D21BD8A7-EAB1-4784-80B1-AF69C1377886,32,3
D21BD8A7-EAB1-4784-80B1-AF69C1377886,65,3
D21BD8A7-EAB1-4784-80B1-AF69C1377886,113,3
D27F6011-964C-43EF-ACC2-5A3EFD01C4D7,18,3
D2B7CC01-61EC-4A7F-8920-5827204F7B58,1,3
D2B7CC01-61EC-4A7F-8920-5827204F7B58,5,3
D2B7CC01-61EC-4A7F-8920-5827204F7B58,19,3
D2B7CC01-61EC-4A7F-8920-5827204F7B58,83,3
D2B7CC01-61EC-4A7F-8920-5827204F7B58,85,3
D2C2609B-FE64-4F4E-8D30-95CF12014DB6,15,3
D2C2609B-FE64-4F4E-8D30-95CF12014DB6,26,3
D311EB5A-5E85-4EC0-9676-B978C544E3C5,6,3
D311EB5A-5E85-4EC0-9676-B978C544E3C5,13,3
D311EB5A-5E85-4EC0-9676-B978C544E3C5,31,3
D311EB5A-5E85-4EC0-9676-B978C544E3C5,36,3
D33E8677-CA7A-4C22-8DF9-B973C1AC45CD,9,2
d3498423-601b-47f7-a5ce-b6c59ca531c6,191,4
D34C5882-8718-457E-BDAF-7C991CA9B768,5,2
D34C5882-8718-457E-BDAF-7C991CA9B768,34,3
D3562C2D-7CB1-4493-9BC7-E77D2DED5A30,7,3
D3562C2D-7CB1-4493-9BC7-E77D2DED5A30,15,3
D3562C2D-7CB1-4493-9BC7-E77D2DED5A30,19,3
D3562C2D-7CB1-4493-9BC7-E77D2DED5A30,23,3
D3562C2D-7CB1-4493-9BC7-E77D2DED5A30,26,3
D35E0657-E14E-4E89-9250-45F7029BBFDB,19,2
D36911EC-6E74-4DE7-AFB5-CC08310F5C1B,18,3
D36911EC-6E74-4DE7-AFB5-CC08310F5C1B,55,3
D3EC2B34-4F10-4DE3-8E56-6EB396A43A8C,10,1
D3EC2B34-4F10-4DE3-8E56-6EB396A43A8C,12,1
D3EC2B34-4F10-4DE3-8E56-6EB396A43A8C,30,1
D42473AE-8783-45FB-97A1-CB96C60C8CE8,19,3
D42473AE-8783-45FB-97A1-CB96C60C8CE8,41,3
d42c0027-d650-4111-a0cb-7bff9b51e0a2,2,2
d42c0027-d650-4111-a0cb-7bff9b51e0a2,20,2
d42c0027-d650-4111-a0cb-7bff9b51e0a2,46,2
D4C382B2-98AB-488D-98D5-04E7CBA7C958,2,2
D4C382B2-98AB-488D-98D5-04E7CBA7C958,5,2
D4C382B2-98AB-488D-98D5-04E7CBA7C958,28,4
D4C382B2-98AB-488D-98D5-04E7CBA7C958,40,2
D4C382B2-98AB-488D-98D5-04E7CBA7C958,46,4
D4DCA4E6-B5A1-469E-AB5A-25FA4ADE94D9,9,2
D4DCA4E6-B5A1-469E-AB5A-25FA4ADE94D9,51,2
d5320fa6-d0f7-4432-bb97-aa07f0fdc37d,32,2
d5320fa6-d0f7-4432-bb97-aa07f0fdc37d,43,3
D552875B-5096-40FF-A4F5-7E1B0E46811B,26,3
D552875B-5096-40FF-A4F5-7E1B0E46811B,28,3
D552875B-5096-40FF-A4F5-7E1B0E46811B,34,3
D56ABAD5-316F-4697-8CC2-D6092772D344,3,3
D56ABAD5-316F-4697-8CC2-D6092772D344,5,3
D56ABAD5-316F-4697-8CC2-D6092772D344,28,3
D57397A2-BED3-4BC1-8FA9-1D2E994F67EB,10,2
D57397A2-BED3-4BC1-8FA9-1D2E994F67EB,10,2
D57397A2-BED3-4BC1-8FA9-1D2E994F67EB,16,0
D57397A2-BED3-4BC1-8FA9-1D2E994F67EB,16,0
D57397A2-BED3-4BC1-8FA9-1D2E994F67EB,18,2
D57397A2-BED3-4BC1-8FA9-1D2E994F67EB,18,2
D57397A2-BED3-4BC1-8FA9-1D2E994F67EB,22,2
D57397A2-BED3-4BC1-8FA9-1D2E994F67EB,22,2
D57397A2-BED3-4BC1-8FA9-1D2E994F67EB,31,2
D57397A2-BED3-4BC1-8FA9-1D2E994F67EB,31,2
D57397A2-BED3-4BC1-8FA9-1D2E994F67EB,38,2
D57397A2-BED3-4BC1-8FA9-1D2E994F67EB,38,2
D57397A2-BED3-4BC1-8FA9-1D2E994F67EB,50,2
D57397A2-BED3-4BC1-8FA9-1D2E994F67EB,50,2
D57397A2-BED3-4BC1-8FA9-1D2E994F67EB,51,0
D57397A2-BED3-4BC1-8FA9-1D2E994F67EB,51,0
D585DAC5-2853-4AAB-A4F3-AF1411719404,5,3
D5959F12-C23D-4FFA-AC04-D493FD866A09,7,3
D5CE37EE-E0E1-4F87-8299-E637F62D20FF,7,2
D6124AE7-344F-481E-8083-E0C6D186819C,2,2
D6124AE7-344F-481E-8083-E0C6D186819C,14,2
D6124AE7-344F-481E-8083-E0C6D186819C,23,2
D6124AE7-344F-481E-8083-E0C6D186819C,27,2
D614F495-F96B-4D8E-8025-9E9006F18E0D,3,3
D614F495-F96B-4D8E-8025-9E9006F18E0D,21,3
D614F495-F96B-4D8E-8025-9E9006F18E0D,35,3
D614F495-F96B-4D8E-8025-9E9006F18E0D,40,3
D619F9E8-4BF5-486F-8CF1-59582E598A9A,14,3
D619F9E8-4BF5-486F-8CF1-59582E598A9A,41,3
D619F9E8-4BF5-486F-8CF1-59582E598A9A,83,3
D63EE39F-EE8B-4101-AD2E-35E23C79B340,1,3
D668C0B2-5F85-4DF2-8F51-44A4F5684C3A,6,3
D668C0B2-5F85-4DF2-8F51-44A4F5684C3A,12,0
D697C6A9-B662-4E66-925F-73C97AA6D4BA,3,3
D697C6A9-B662-4E66-925F-73C97AA6D4BA,26,3
D69C20CD-2E29-4109-B372-7C683F7B2F6D,16,3
D6A19921-0837-4978-AFAD-7009CFC5DFFB,3,3
D6A19921-0837-4978-AFAD-7009CFC5DFFB,35,3
D6A19921-0837-4978-AFAD-7009CFC5DFFB,40,3
D6A19921-0837-4978-AFAD-7009CFC5DFFB,94,3
D6B8D8E3-0F2F-4D28-94BF-5AAB80AEAFBB,11,3
D6CD7C6E-BA9F-4E76-A9C0-9EC61CE88439,6,3
D6CD7C6E-BA9F-4E76-A9C0-9EC61CE88439,13,3
D6CD7C6E-BA9F-4E76-A9C0-9EC61CE88439,33,3
D6CD7C6E-BA9F-4E76-A9C0-9EC61CE88439,42,3
D6F3D731-5F42-4953-A9E2-EB8D08880F9E,13,6
D71CD81D-D6F2-49EB-AEF3-EB0BEAB58B5E,2,2
D71CD81D-D6F2-49EB-AEF3-EB0BEAB58B5E,19,2
D71CD81D-D6F2-49EB-AEF3-EB0BEAB58B5E,41,2
D71CD81D-D6F2-49EB-AEF3-EB0BEAB58B5E,58,2
D71CD81D-D6F2-49EB-AEF3-EB0BEAB58B5E,69,2
D73C4926-43EB-47E4-A23C-41AA0E25158D,40,0
D73C4926-43EB-47E4-A23C-41AA0E25158D,41,0
D74D2AD4-234A-4239-A1D9-B0724FD5C2BA,23,3
D74D2AD4-234A-4239-A1D9-B0724FD5C2BA,62,3
D74D2AD4-234A-4239-A1D9-B0724FD5C2BA,78,3
D76CFE45-9936-4145-924A-D46237D1737A,18,2
D76CFE45-9936-4145-924A-D46237D1737A,22,2
D76CFE45-9936-4145-924A-D46237D1737A,24,2
D76F4FEE-CCD7-4925-8278-5E1517ABA009,47,3
D76F4FEE-CCD7-4925-8278-5E1517ABA009,51,3
D7889634-7B84-4872-AC8C-68907905B046,4,3
D7889634-7B84-4872-AC8C-68907905B046,10,3
D788A0B4-9408-4F7B-A151-F938F42BBCA8,3,3
D788A0B4-9408-4F7B-A151-F938F42BBCA8,61,3
D788A0B4-9408-4F7B-A151-F938F42BBCA8,73,3
D7B5C98A-FE6A-4DD6-BD7A-E0D4066DEB68,24,3
D7BEBDC5-05F4-445B-A3FB-C1972F6AA98E,10,3
D7BEBDC5-05F4-445B-A3FB-C1972F6AA98E,13,3
D7BEBDC5-05F4-445B-A3FB-C1972F6AA98E,48,3
D7BEBDC5-05F4-445B-A3FB-C1972F6AA98E,51,3
D7BEBDC5-05F4-445B-A3FB-C1972F6AA98E,66,3
D7BEBDC5-05F4-445B-A3FB-C1972F6AA98E,77,3
d80a5489-f615-4da9-905a-7d7d1140d7ee,28,2
d80a5489-f615-4da9-905a-7d7d1140d7ee,85,3
d80a5489-f615-4da9-905a-7d7d1140d7ee,93,3
D8425F1E-D0DE-4077-8D1D-ECF2558B837E,17,3
D8425F1E-D0DE-4077-8D1D-ECF2558B837E,38,3
D8425F1E-D0DE-4077-8D1D-ECF2558B837E,63,3
D84E5959-5986-41DB-958C-C8844D16BB85,3,3
D8532CCB-695B-4E2C-B15A-41445A88A29F,25,3
D8532CCB-695B-4E2C-B15A-41445A88A29F,63,3
D8668554-1D63-4370-AAE5-D07E01B87256,4,2
D8668554-1D63-4370-AAE5-D07E01B87256,22,2
D8668554-1D63-4370-AAE5-D07E01B87256,47,2
D87617FA-533F-41C5-B7A8-97A2188A0E0D,13,3
D87617FA-533F-41C5-B7A8-97A2188A0E0D,16,3
D87617FA-533F-41C5-B7A8-97A2188A0E0D,18,3
D87617FA-533F-41C5-B7A8-97A2188A0E0D,39,3
D89261F3-1331-426B-BE26-C4CC735E0A5A,10,2
D89261F3-1331-426B-BE26-C4CC735E0A5A,13,2
D89261F3-1331-426B-BE26-C4CC735E0A5A,16,2
D89261F3-1331-426B-BE26-C4CC735E0A5A,48,2
D89261F3-1331-426B-BE26-C4CC735E0A5A,55,2
D8926C6F-80A7-416B-9698-6FC954751445,2,0
D8926C6F-80A7-416B-9698-6FC954751445,3,0
D8926C6F-80A7-416B-9698-6FC954751445,7,0
D8926C6F-80A7-416B-9698-6FC954751445,8,0
D8926C6F-80A7-416B-9698-6FC954751445,19,0
D8926C6F-80A7-416B-9698-6FC954751445,20,0
D8926C6F-80A7-416B-9698-6FC954751445,21,0
D8926C6F-80A7-416B-9698-6FC954751445,26,0
D8926C6F-80A7-416B-9698-6FC954751445,27,0
D89AB761-16DD-428F-8EAD-C7B04D6AB21D,57,2
D89AB761-16DD-428F-8EAD-C7B04D6AB21D,61,2
D89AB761-16DD-428F-8EAD-C7B04D6AB21D,75,2
D8AAB714-AF91-472E-92F1-5AD0B02D565F,9,3
D8AAB714-AF91-472E-92F1-5AD0B02D565F,51,3
d934c144-54b2-4393-9cb2-31a52116b949,7,3
d934c144-54b2-4393-9cb2-31a52116b949,21,3
d934c144-54b2-4393-9cb2-31a52116b949,49,3
D93BF811-C250-4E86-A873-3CAD4C746F5E,6,1
D93BF811-C250-4E86-A873-3CAD4C746F5E,24,1
D93BF811-C250-4E86-A873-3CAD4C746F5E,39,1
D980D1E5-DC82-48A0-9E41-3CB8B46FB67E,6,3
D980D1E5-DC82-48A0-9E41-3CB8B46FB67E,13,3
D980D1E5-DC82-48A0-9E41-3CB8B46FB67E,30,3
D980D1E5-DC82-48A0-9E41-3CB8B46FB67E,32,3
D9EB3EDA-5D46-4B40-87A1-B8EBE68227EA,4,2
D9EB3EDA-5D46-4B40-87A1-B8EBE68227EA,33,6
DA0BC2F0-8524-464D-8E6F-176E5BF7478B,57,3
DA10174F-E13D-4C16-8B5D-D0C7618CF793,33,3
DA16D522-9FD7-4F16-B177-4E200515B9D9,30,4
DA16D522-9FD7-4F16-B177-4E200515B9D9,47,4
DA66EC0C-733A-4C7F-AA9B-3CD01A3EA081,3,3
DAE80F25-E11F-4A91-B6B1-9548BEE32524,11,3
db2eba27-e54c-449d-80c0-06fe9466f262,130,2
DB9C9ECF-3AF8-45CC-911E-BCE75812CE89,6,3
DBE60F98-3BC0-4F90-9E95-6BDB24C95FC8,8,3
DBE60F98-3BC0-4F90-9E95-6BDB24C95FC8,19,3
DBE60F98-3BC0-4F90-9E95-6BDB24C95FC8,27,3
DBE60F98-3BC0-4F90-9E95-6BDB24C95FC8,29,3
DBECC885-B82E-418C-AD2C-90E6720C67D1,42,3
DBECC885-B82E-418C-AD2C-90E6720C67D1,68,3
DBEFAAC3-BCF0-4668-A59A-1B89DD13CD2E,13,3
DBEFAAC3-BCF0-4668-A59A-1B89DD13CD2E,18,3
DBEFAAC3-BCF0-4668-A59A-1B89DD13CD2E,47,3
DBEFAAC3-BCF0-4668-A59A-1B89DD13CD2E,51,3
DBEFAAC3-BCF0-4668-A59A-1B89DD13CD2E,64,3
DC1BBECF-5553-4B9C-97CF-6BB5B1D9BC43,2,3
dc3fd095-4fe4-4cc5-9959-ca0475e38658,1,2
DC46C180-B4C9-430D-B207-73805894C467,10,3
DC46C180-B4C9-430D-B207-73805894C467,10,0
DC46C180-B4C9-430D-B207-73805894C467,44,3
DC4A8B44-2363-4C92-949B-0A42906D2A33,4,3
DC4A8B44-2363-4C92-949B-0A42906D2A33,24,3
DC4A8B44-2363-4C92-949B-0A42906D2A33,31,3
DC4A8B44-2363-4C92-949B-0A42906D2A33,38,2
DC6A120B-9134-4E84-B49F-B3F06A49A9A8,13,3
DC8CC5D9-FC78-4EB7-A226-7DBA61C839A6,3,2
DC8CC5D9-FC78-4EB7-A226-7DBA61C839A6,5,2
DC8CC5D9-FC78-4EB7-A226-7DBA61C839A6,27,2
DCEFA39C-19F2-4AF7-A1E1-2DA0812F80AC,13,3
DCEFA39C-19F2-4AF7-A1E1-2DA0812F80AC,50,3
DCEFA39C-19F2-4AF7-A1E1-2DA0812F80AC,52,3
DD42BBE2-9EA9-4839-AB70-93C53125CFC7,11,0
DD42BBE2-9EA9-4839-AB70-93C53125CFC7,39,0
DD467CF3-4253-4CD8-AE60-E35BBD6CE421,11,0
DD7A5711-7245-4FA7-94E5-08144A0B4AEA,10,2
DD7A5711-7245-4FA7-94E5-08144A0B4AEA,17,2
DD7A5711-7245-4FA7-94E5-08144A0B4AEA,42,2
DD87531D-2CBC-407C-8ACA-B18CE18D7E26,4,3
DD87531D-2CBC-407C-8ACA-B18CE18D7E26,42,3
DDA2B257-DCA0-4F20-A50F-DEB587E9E6D3,10,3
DDB0A738-6F18-4060-97E4-25001C007A3C,19,0
DDB0A738-6F18-4060-97E4-25001C007A3C,21,0
DDB0A738-6F18-4060-97E4-25001C007A3C,34,0
DDB45526-E9BA-43EA-814C-06FD112666E3,11,6
DDB45526-E9BA-43EA-814C-06FD112666E3,38,3
DDCBF68A-5AF4-4899-8E89-1A8BC979ABB7,3,3
DDCBF68A-5AF4-4899-8E89-1A8BC979ABB7,8,3
DDCBF68A-5AF4-4899-8E89-1A8BC979ABB7,41,3
de06ab9f-6766-403a-96e4-e69958b8614f,27,3
de06ab9f-6766-403a-96e4-e69958b8614f,188,3
DE19C5A0-F0D2-4707-952F-E289ADBA190E,180,3
DE2B39F2-42FA-4257-9D16-00AB599806ED,1,3
DE2B39F2-42FA-4257-9D16-00AB599806ED,5,3
DE2B39F2-42FA-4257-9D16-00AB599806ED,29,3
DE587FEC-DAA6-490B-B63B-5A3DA3789D93,25,2
DE587FEC-DAA6-490B-B63B-5A3DA3789D93,31,2
DE587FEC-DAA6-490B-B63B-5A3DA3789D93,53,2
DE6BCF77-2295-4CCB-B9A5-92FB12811551,27,2
DE8995B6-7522-49D4-8025-08AC33D1F2F1,39,3
ded50a80-1163-4aaa-b578-85cb9244426d,16,0
ded50a80-1163-4aaa-b578-85cb9244426d,17,0
ded50a80-1163-4aaa-b578-85cb9244426d,36,0
ded50a80-1163-4aaa-b578-85cb9244426d,51,3
DEEA5D57-80BF-40F4-9242-A1E7C97B8D11,31,3
DEF36DAF-AB96-424D-8061-4DD366C06628,45,2
DEF36DAF-AB96-424D-8061-4DD366C06628,50,2
DF35D467-C1DC-42A5-B99B-5F5DBBE4FC27,27,2
DF408981-A00A-4817-9EEA-DBC393DB89FE,25,3
DF4EF2ED-907E-41EB-8FBE-48A05B03F769,67,3
DF886826-AB72-4F70-9BC7-C071E8859741,106,3
DFA2915A-CA4F-4BE9-8807-75CF112C074F,17,3
DFA2915A-CA4F-4BE9-8807-75CF112C074F,38,3
E00A9C81-DBE5-4A0B-B218-E520DD53C12E,11,3
E00A9C81-DBE5-4A0B-B218-E520DD53C12E,30,3
E01E0E1B-19B4-4DE8-ADE6-3D6D287B7D55,9,3
E01E0E1B-19B4-4DE8-ADE6-3D6D287B7D55,32,3
E01E0E1B-19B4-4DE8-ADE6-3D6D287B7D55,36,3
E079FBEE-CBD1-4CDA-B096-1EE0AE040ADB,4,3
E0C6F1FD-9B3D-4652-A54D-80CE0F7B0F1D,56,3
E0F587DC-92BA-443B-BDC9-B894EE3EBB46,5,3
E105965B-97B9-4970-AB8A-70965235DCFD,44,3
E105965B-97B9-4970-AB8A-70965235DCFD,51,3
E109F7A5-3FD3-4FE2-AD95-6037708F717F,1,3
E109F7A5-3FD3-4FE2-AD95-6037708F717F,14,3
E109F7A5-3FD3-4FE2-AD95-6037708F717F,28,3
E109F7A5-3FD3-4FE2-AD95-6037708F717F,40,3
e121f701-b16c-4d66-9912-9f06b34b9b05,33,3
e121f701-b16c-4d66-9912-9f06b34b9b05,59,3
e14dcc4f-a43b-4eaa-b423-73fd250b1e95,18,1
e14dcc4f-a43b-4eaa-b423-73fd250b1e95,25,2
e14dd8a2-8af4-4616-b0a3-b1b4d91ecee3,100,2
E155776E-B6AD-4BBA-9012-4EFB7A59D329,2,2
E155776E-B6AD-4BBA-9012-4EFB7A59D329,15,2
E155776E-B6AD-4BBA-9012-4EFB7A59D329,26,0
E155776E-B6AD-4BBA-9012-4EFB7A59D329,35,2
E1607C87-3F73-41B2-B895-1E329E5B66F7,9,2
e16a1460-55f8-47ef-8097-4232036bec96,47,2
E16E9036-DC6E-4DFD-8748-F928A25A1B41,7,3
E16E9036-DC6E-4DFD-8748-F928A25A1B41,14,3
E16E9036-DC6E-4DFD-8748-F928A25A1B41,28,3
E16E9036-DC6E-4DFD-8748-F928A25A1B41,34,3
e19dd0ad-14b9-4779-a270-fe6b42abfc9c,33,3
e19dd0ad-14b9-4779-a270-fe6b42abfc9c,45,3
e19dd0ad-14b9-4779-a270-fe6b42abfc9c,87,3
E1CEAF23-B310-402A-8435-198AE82258B1,30,3
E232CE9D-7123-425D-9716-B258CECC1FF2,4,4
e2462331-8aca-4efe-b7fa-7d8862275ed4,41,2
e2462331-8aca-4efe-b7fa-7d8862275ed4,56,2
e2462331-8aca-4efe-b7fa-7d8862275ed4,79,2
e2462331-8aca-4efe-b7fa-7d8862275ed4,83,2
E24FFF94-7BF6-4F6F-8E28-F0E165CA7191,4,2
E24FFF94-7BF6-4F6F-8E28-F0E165CA7191,9,2
E24FFF94-7BF6-4F6F-8E28-F0E165CA7191,11,2
E2758B4B-9E66-4236-A24A-89447334D319,7,3
E2758B4B-9E66-4236-A24A-89447334D319,37,3
E27DA5F4-763C-4B32-B277-2512D66F2931,51,3
E27DA5F4-763C-4B32-B277-2512D66F2931,64,3
E288D2AC-0D64-4EBF-ABBC-67335D2499CD,39,3
E288D2AC-0D64-4EBF-ABBC-67335D2499CD,48,3
E2A06334-A4EB-47F4-A3A7-50B15D2C6551,2,3
E2CEE337-1D5C-4438-95FA-5F5EBD2F5682,10,3
E2CEE337-1D5C-4438-95FA-5F5EBD2F5682,42,3
E2CEE337-1D5C-4438-95FA-5F5EBD2F5682,47,3
E2CEE337-1D5C-4438-95FA-5F5EBD2F5682,54,3
E2DDF725-90D2-41E0-8233-90BA7AE9D1A0,2,3
E2DDF725-90D2-41E0-8233-90BA7AE9D1A0,26,3
E34951A8-F314-4756-8B7F-968CE7CF519B,21,3
E34951A8-F314-4756-8B7F-968CE7CF519B,27,3
E34951A8-F314-4756-8B7F-968CE7CF519B,41,3
E34B0FDB-9FF8-46ED-A18D-81503AD9D537,16,2
E34B0FDB-9FF8-46ED-A18D-81503AD9D537,17,0
E37FAD41-767E-4864-86D8-0B2177243B34,2,3
E37FAD41-767E-4864-86D8-0B2177243B34,7,6
E37FAD41-767E-4864-86D8-0B2177243B34,15,1
E37FAD41-767E-4864-86D8-0B2177243B34,26,1
E3CF3802-A349-40E1-9CBE-04BE6C5FB4C9,28,3
E3CF3802-A349-40E1-9CBE-04BE6C5FB4C9,37,3
E3E9FA0A-D8FF-42DF-8DB1-91AA3EA8F656,7,3
E3E9FA0A-D8FF-42DF-8DB1-91AA3EA8F656,29,0
E3E9FA0A-D8FF-42DF-8DB1-91AA3EA8F656,34,3
E40DA222-CB05-4B3A-AEA2-693DC487BD9E,13,2
E40DA222-CB05-4B3A-AEA2-693DC487BD9E,18,2
E40DA222-CB05-4B3A-AEA2-693DC487BD9E,50,2
E4652E67-402A-421B-B289-1E7F3CA45626,42,2
E4C38926-3463-4748-B45D-8D40FF3868CB,16,3
E4D3A22E-6380-4667-A451-89A8125533AD,11,3
E4D3A22E-6380-4667-A451-89A8125533AD,107,3
E52BF978-E52E-4605-8557-8B67098993F0,21,0
E5361FA4-0732-46CE-8D89-41F4AA7DD58B,1,3
E57CBC05-41A9-4E99-9848-706B89867969,14,0
E57CBC05-41A9-4E99-9848-706B89867969,19,0
E57CBC05-41A9-4E99-9848-706B89867969,29,0
E57CBC05-41A9-4E99-9848-706B89867969,37,0
E57CBC05-41A9-4E99-9848-706B89867969,58,0
E5893B07-35AE-417B-8905-50C28FA5C342,25,1
E5893B07-35AE-417B-8905-50C28FA5C342,33,1
E5893B07-35AE-417B-8905-50C28FA5C342,38,1
E58FCF12-2DA2-4349-A98D-F0A3561AA168,3,6
E5A8D5C6-1EBD-4033-A326-FDF9E7FD85ED,19,6
E5A8D5C6-1EBD-4033-A326-FDF9E7FD85ED,34,6
E5D2675C-DFC4-4B56-B7F1-0C3B67CEB64B,5,2
E5D2675C-DFC4-4B56-B7F1-0C3B67CEB64B,8,2
E5FC4E51-79DC-4615-A1B2-D472CABF9D44,12,3
E5FC4E51-79DC-4615-A1B2-D472CABF9D44,38,3
E628E213-3B55-456D-8AC2-F0BD6EF7DCDE,18,3
E63AD61B-44E6-4637-9F1F-F3DBEA130415,74,3
e641d6c1-2f0f-49ec-a173-fc92e94674cd,14,0
e641d6c1-2f0f-49ec-a173-fc92e94674cd,19,0
e641d6c1-2f0f-49ec-a173-fc92e94674cd,49,0
e641d6c1-2f0f-49ec-a173-fc92e94674cd,56,0
e641d6c1-2f0f-49ec-a173-fc92e94674cd,61,0
E66842C7-3480-4956-AB00-44E6F7A1DA74,7,3
E66842C7-3480-4956-AB00-44E6F7A1DA74,20,3
E6B643FC-0B0E-4442-96C2-9750D84A16A6,61,3
E6D16749-4363-4D43-ABDB-BCC79FA754D2,6,2
E6D16749-4363-4D43-ABDB-BCC79FA754D2,10,2
E6D16749-4363-4D43-ABDB-BCC79FA754D2,12,3
E6D39853-CFC2-4F18-A036-8D27097E7496,6,2
E6D39853-CFC2-4F18-A036-8D27097E7496,18,6
E6D644C8-2159-4785-9CDE-3A0393FBF2D5,9,3
E6D644C8-2159-4785-9CDE-3A0393FBF2D5,24,3
E6D644C8-2159-4785-9CDE-3A0393FBF2D5,31,3
E6E24B29-FFD7-42F7-87F3-C232FC540195,11,3
E711C0DA-D70A-4F97-B283-17CF147520F3,9,3
e740a19f-0453-4c78-ba56-76d08edafe8c,1,3
e740a19f-0453-4c78-ba56-76d08edafe8c,102,3
e740a19f-0453-4c78-ba56-76d08edafe8c,112,3
E767B19E-E028-4DBA-93D0-7078291DB6EB,6,3
E767B19E-E028-4DBA-93D0-7078291DB6EB,11,3
E767B19E-E028-4DBA-93D0-7078291DB6EB,22,3
E76ADC74-5CF4-4C74-BF92-13DC6BB404DF,4,3
E76ADC74-5CF4-4C74-BF92-13DC6BB404DF,11,3
E76ADC74-5CF4-4C74-BF92-13DC6BB404DF,33,3
E76ADC74-5CF4-4C74-BF92-13DC6BB404DF,39,3
E76ADC74-5CF4-4C74-BF92-13DC6BB404DF,45,3
E76ADC74-5CF4-4C74-BF92-13DC6BB404DF,55,3
E7A826A1-F4A4-4829-B102-E4BBB3C624A5,7,3
E7A826A1-F4A4-4829-B102-E4BBB3C624A5,37,3
E7A826A1-F4A4-4829-B102-E4BBB3C624A5,56,3
E7A826A1-F4A4-4829-B102-E4BBB3C624A5,78,3
E7F1B36E-F4C7-46A0-80D7-FBB0FB55C5CA,16,3
E7F1B36E-F4C7-46A0-80D7-FBB0FB55C5CA,25,3
E81BECBF-806B-4666-B804-8706D1612CD5,42,3
E81BECBF-806B-4666-B804-8706D1612CD5,206,3
E8246024-5759-4145-806E-A29D60217185,11,3
E8246024-5759-4145-806E-A29D60217185,16,3
E8246024-5759-4145-806E-A29D60217185,18,3
E8246024-5759-4145-806E-A29D60217185,31,3
E8556999-2717-494A-9232-DA064C678DF4,23,3
E8556999-2717-494A-9232-DA064C678DF4,28,3
E8838F5F-3841-4FD8-9922-4147B8FC7FF0,7,3
E8838F5F-3841-4FD8-9922-4147B8FC7FF0,15,3
E8DB397C-1500-40A5-9E8D-1D6F429A39C4,21,2
E8E59382-746F-47C7-881D-69AA9F84E6B1,4,0
E8E59382-746F-47C7-881D-69AA9F84E6B1,33,0
E90917AD-1041-458E-9D8B-BB434899BBFC,29,3
E926A57C-A7DF-483D-B030-22F34FB6352D,8,3
E926A57C-A7DF-483D-B030-22F34FB6352D,21,3
E926A57C-A7DF-483D-B030-22F34FB6352D,27,3
E92D4820-DCBC-47A6-9594-9A91DD6D150B,35,3
E92D4820-DCBC-47A6-9594-9A91DD6D150B,37,3
E9332E2F-7A2A-426A-8979-05E2C240E21A,5,2
E9332E2F-7A2A-426A-8979-05E2C240E21A,15,2
E9332E2F-7A2A-426A-8979-05E2C240E21A,19,2
E9332E2F-7A2A-426A-8979-05E2C240E21A,28,2
E9332E2F-7A2A-426A-8979-05E2C240E21A,34,2
E9332E2F-7A2A-426A-8979-05E2C240E21A,49,2
E9332E2F-7A2A-426A-8979-05E2C240E21A,58,2
E9332E2F-7A2A-426A-8979-05E2C240E21A,62,2
E93BF004-7322-4FC6-AEAE-EE693089DE0B,21,3
E93BF004-7322-4FC6-AEAE-EE693089DE0B,28,3
E93BF004-7322-4FC6-AEAE-EE693089DE0B,88,3
E94F1095-D3AE-48BB-B045-452320A26D75,2,3
E9635714-0534-4F09-A46D-9DC964848FBF,18,2
e9f5e77a-0f4d-4f64-a77a-348aa5a8b4c9,16,2
e9f5e77a-0f4d-4f64-a77a-348aa5a8b4c9,32,2
e9f5e77a-0f4d-4f64-a77a-348aa5a8b4c9,45,2
e9f5e77a-0f4d-4f64-a77a-348aa5a8b4c9,48,2
EA0EAC85-0F85-47A5-92AB-8734EFE6BA61,4,0
EA32439B-64F6-464E-92FA-02D0340504D0,19,3
EA782598-D039-47E4-BEA7-723B02DDC9D6,2,3
EA782598-D039-47E4-BEA7-723B02DDC9D6,27,3
EA7FFEE6-2528-4C4B-8392-8D77F902557A,4,3
EAB15D61-0E0A-4324-8F7D-B63558FE1779,61,3
EAB6A3A5-ED1D-4712-8510-B0553ECC6DBC,15,3
EAE01A05-C8BF-4BEE-B50E-60E252E6319C,12,3
EAE01A05-C8BF-4BEE-B50E-60E252E6319C,18,3
EAE01A05-C8BF-4BEE-B50E-60E252E6319C,24,3
EAE01A05-C8BF-4BEE-B50E-60E252E6319C,30,3
EAE01A05-C8BF-4BEE-B50E-60E252E6319C,42,3
EB40A951-4908-4ACB-B694-304CF880F0F6,2,3
EB40A951-4908-4ACB-B694-304CF880F0F6,20,3
EB5E6872-D4E5-4B1B-91A0-944000C565E8,10,2
EB5E6872-D4E5-4B1B-91A0-944000C565E8,11,0
EB5E6872-D4E5-4B1B-91A0-944000C565E8,18,3
EB5E6872-D4E5-4B1B-91A0-944000C565E8,44,2
EB789C4C-D863-4684-AE1C-4267A60CAF98,2,3
EB789C4C-D863-4684-AE1C-4267A60CAF98,7,0
EB87FB8A-588D-4173-AB25-406A5225DBC6,12,3
EB87FB8A-588D-4173-AB25-406A5225DBC6,33,3
EBAF042E-7573-42DC-9CF1-0CE2612C6E3F,11,2
EBAF042E-7573-42DC-9CF1-0CE2612C6E3F,16,2
EBAF042E-7573-42DC-9CF1-0CE2612C6E3F,38,2
EBAF042E-7573-42DC-9CF1-0CE2612C6E3F,47,2
EBD7AD5B-34D4-4CBF-9079-B3E94A71753D,21,3
EBD7AD5B-34D4-4CBF-9079-B3E94A71753D,34,3
EBDD7A03-B15C-4661-9DBC-7F480A8A8C4C,6,3
EBDD7A03-B15C-4661-9DBC-7F480A8A8C4C,11,3
EBDD7A03-B15C-4661-9DBC-7F480A8A8C4C,22,3
EBDD7A03-B15C-4661-9DBC-7F480A8A8C4C,38,3
EC1C6D3F-9BE3-4D47-A0E9-B0BD737E6FB1,9,3
EC1C6D3F-9BE3-4D47-A0E9-B0BD737E6FB1,16,3
EC1C6D3F-9BE3-4D47-A0E9-B0BD737E6FB1,24,3
EC1C6D3F-9BE3-4D47-A0E9-B0BD737E6FB1,55,3
EC534AFB-E188-42C6-B675-5C7699A193F4,24,3
EC79B94B-324E-4EF4-B816-78D813BA12C1,1,3
EC895D8E-F3A2-44D9-B6B1-D74E29BFC892,6,3
EC895D8E-F3A2-44D9-B6B1-D74E29BFC892,13,3
EC895D8E-F3A2-44D9-B6B1-D74E29BFC892,36,3
EC8C6AE5-C276-462B-AB82-C2E58AC9B964,34,3
EC8C6AE5-C276-462B-AB82-C2E58AC9B964,46,3
EC9163DF-A2F9-4FE1-83CF-413C5946A206,32,2
EC9163DF-A2F9-4FE1-83CF-413C5946A206,53,2
EC92AE92-3401-409C-B4C5-86D872017C7A,2,2
EC92AE92-3401-409C-B4C5-86D872017C7A,21,2
ECA274FB-7D9A-4F9A-8345-84158E4D2520,35,3
ECEC217B-5A9E-42F4-AC55-C84901FD0991,34,3
ECEC217B-5A9E-42F4-AC55-C84901FD0991,41,3
ECF3689B-EA66-459F-866D-9F805A860544,92,2
ED1A2380-FE16-41E7-B8BF-1D86866CE033,60,2
ED2DC072-A65E-4A07-8E4A-17455B5501AA,4,3
ED2DC072-A65E-4A07-8E4A-17455B5501AA,9,3
ED2DC072-A65E-4A07-8E4A-17455B5501AA,33,3
EDA55420-F284-4DA4-A6D6-6769AFD3BE11,2,3
EDB2A9D2-9255-48AE-BC3F-AD22D0824137,13,3
EDB597E9-EB78-44C3-8B7B-A5061834EF74,9,3
EDC81FCF-EE5B-4EBE-8264-C44AB39D5B9D,2,2
EDC81FCF-EE5B-4EBE-8264-C44AB39D5B9D,27,4
EDEFA1F3-C218-484A-A7CB-DB5775F3A33F,8,2
EDEFA1F3-C218-484A-A7CB-DB5775F3A33F,28,2
EDEFA1F3-C218-484A-A7CB-DB5775F3A33F,37,2
EDFC27C3-210A-46E8-9196-44F213AADB20,22,0
EE0E120F-4F95-4FAA-9CB8-AA1E520BEC38,6,3
EE0E120F-4F95-4FAA-9CB8-AA1E520BEC38,11,3
EE0E120F-4F95-4FAA-9CB8-AA1E520BEC38,25,3
EE0E120F-4F95-4FAA-9CB8-AA1E520BEC38,31,3
ee1200a7-0e03-4b81-b86e-c25264c33af3,2,2
ee1200a7-0e03-4b81-b86e-c25264c33af3,88,2
EE1B4B38-4736-48CB-A092-3020F66A0F63,2,1
EE1B4B38-4736-48CB-A092-3020F66A0F63,26,1
EE1B4B38-4736-48CB-A092-3020F66A0F63,29,1
EE1B4B38-4736-48CB-A092-3020F66A0F63,34,1
EE7DCFDD-09E7-4D7A-9C8C-8E9DCC4F745A,22,3
EEAF9F3C-C1FD-494E-AA79-F8D221B8ABC4,14,3
EEAF9F3C-C1FD-494E-AA79-F8D221B8ABC4,34,3
EEB6200A-F31E-4BD4-ADB1-1AE121358449,1,3
EEB68FA8-8FD9-49CC-8A56-1A0A49C3BBC7,3,3
EEB68FA8-8FD9-49CC-8A56-1A0A49C3BBC7,56,3
EEFD568D-B67D-427A-AE06-C104BBBACC4E,19,3
EF01E601-96C3-4D74-9BF7-A118C2A29917,4,0
EF01E601-96C3-4D74-9BF7-A118C2A29917,6,0
EF01E601-96C3-4D74-9BF7-A118C2A29917,9,0
EF01E601-96C3-4D74-9BF7-A118C2A29917,10,0
EF01E601-96C3-4D74-9BF7-A118C2A29917,11,0
EF0EA89E-B1CF-47EF-9F01-5826A84D4B74,10,0
EF20A786-7AD3-446D-ACE6-27E15EB75DE3,6,2
EF20A786-7AD3-446D-ACE6-27E15EB75DE3,16,2
EF20A786-7AD3-446D-ACE6-27E15EB75DE3,32,2
EF794768-83B1-43BB-AFE7-02D7C5598227,13,2
EF794768-83B1-43BB-AFE7-02D7C5598227,16,2
EF794768-83B1-43BB-AFE7-02D7C5598227,22,2
ef79c36c-36b6-4845-8d57-a72c566677b0,1,2
efb268a7-d2d7-4547-8dce-ded82520b74c,77,2
EFB83215-D843-407E-8F46-667D0F75C72A,12,3
EFB83215-D843-407E-8F46-667D0F75C72A,22,3
EFCE9CA4-21D0-4641-A9FA-DC996DD28F67,15,3
EFCE9CA4-21D0-4641-A9FA-DC996DD28F67,35,3
EFFBEA9A-DC83-43B0-9493-48C905E171B4,10,4
EFFBEA9A-DC83-43B0-9493-48C905E171B4,18,2
EFFBEA9A-DC83-43B0-9493-48C905E171B4,22,2
EFFBEA9A-DC83-43B0-9493-48C905E171B4,31,2
F002A1F2-57FD-448C-A6A3-966783D4783A,2,3
F016DB63-B18D-4E4B-8BB5-CC0DA07F382D,66,3
F0251CF6-D10D-433D-B32F-57A1297C9656,3,3
F048FE15-960A-4A51-BFA6-F97324DBCBFF,6,2
F048FE15-960A-4A51-BFA6-F97324DBCBFF,11,2
F048FE15-960A-4A51-BFA6-F97324DBCBFF,25,2
F048FE15-960A-4A51-BFA6-F97324DBCBFF,33,2
F0593B2F-8A3D-4A48-8EEE-833D8ACD2043,16,0
F0593B2F-8A3D-4A48-8EEE-833D8ACD2043,22,2
F0593B2F-8A3D-4A48-8EEE-833D8ACD2043,33,2
F0593B2F-8A3D-4A48-8EEE-833D8ACD2043,51,0
f07942db-4e84-4f9c-9aae-f9c72647e366,16,3
f07942db-4e84-4f9c-9aae-f9c72647e366,50,3
f07942db-4e84-4f9c-9aae-f9c72647e366,55,3
F11F14EE-4A7A-439A-9BCC-12FD70727422,2,3
F11F14EE-4A7A-439A-9BCC-12FD70727422,40,3
F11F14EE-4A7A-439A-9BCC-12FD70727422,71,3
F133FC5B-D6B9-4781-B55C-3B92D4483FCE,1,3
F150E279-0F1F-4F15-852B-750C8BFC3C3C,9,3
F19C833C-B720-4067-A6FD-A38564C58FDF,119,3
F1ABB947-5E5D-49F2-AADC-0AC8CB1A713D,43,2
F1C465CD-8D9C-4449-BF60-A9524B2A0942,30,3
F1C465CD-8D9C-4449-BF60-A9524B2A0942,43,3
F1C465CD-8D9C-4449-BF60-A9524B2A0942,65,3
F1C8F144-AC1A-4366-BD76-0850E902F272,5,6
F1C8F144-AC1A-4366-BD76-0850E902F272,19,6
F1C8F144-AC1A-4366-BD76-0850E902F272,27,3
F1C8F144-AC1A-4366-BD76-0850E902F272,29,3
F1C8F144-AC1A-4366-BD76-0850E902F272,88,3
F1C8F144-AC1A-4366-BD76-0850E902F272,89,3
f1d02ae5-fc52-4beb-b8ab-bb15a472568c,1,1
f1d02ae5-fc52-4beb-b8ab-bb15a472568c,29,6
F1DD2138-FD88-406C-A1DE-6C84A4F58090,10,3
F1DD2138-FD88-406C-A1DE-6C84A4F58090,44,3
F1F4A1C5-90BD-4707-9B19-CE07A6D27B14,2,3
F1F4A1C5-90BD-4707-9B19-CE07A6D27B14,20,3
F1F4A1C5-90BD-4707-9B19-CE07A6D27B14,40,3
F21BCCB1-3572-4D99-9E30-2DCA5EDE8BB1,28,3
F21BCCB1-3572-4D99-9E30-2DCA5EDE8BB1,35,3
F21BCCB1-3572-4D99-9E30-2DCA5EDE8BB1,37,3
F24D3595-50BA-4F52-BE58-A967D9215E5F,4,2
F24D3595-50BA-4F52-BE58-A967D9215E5F,10,2
F24D3595-50BA-4F52-BE58-A967D9215E5F,18,2
F24D3595-50BA-4F52-BE58-A967D9215E5F,31,2
F24D3595-50BA-4F52-BE58-A967D9215E5F,55,2
F24D3595-50BA-4F52-BE58-A967D9215E5F,63,2
F24D3595-50BA-4F52-BE58-A967D9215E5F,68,2
F24F7B13-3E55-489F-B6B4-DF8DC7F59126,46,2
F25F7A67-B668-47A0-A30C-24125D99C461,1,2
F25F7A67-B668-47A0-A30C-24125D99C461,5,6
F25F7A67-B668-47A0-A30C-24125D99C461,7,2
F25F7A67-B668-47A0-A30C-24125D99C461,26,2
F25F7A67-B668-47A0-A30C-24125D99C461,62,2
F25F7A67-B668-47A0-A30C-24125D99C461,83,2
F2BF7E54-738F-43B7-A9E6-4D8C31110C4A,25,3
F2D646C8-7139-4389-89EB-F1FED9E0791C,10,3
F2D646C8-7139-4389-89EB-F1FED9E0791C,25,3
F2DA24D0-CDC7-4299-9B2A-AD5C3EB8BF6F,12,0
F2DA24D0-CDC7-4299-9B2A-AD5C3EB8BF6F,25,0
F2DA24D0-CDC7-4299-9B2A-AD5C3EB8BF6F,45,3
F2FBA393-DC1F-46B5-94DD-5BFB7D5CDD54,10,2
F2FBA393-DC1F-46B5-94DD-5BFB7D5CDD54,25,2
F2FBA393-DC1F-46B5-94DD-5BFB7D5CDD54,53,2
F2FBA393-DC1F-46B5-94DD-5BFB7D5CDD54,59,6
F2FBA393-DC1F-46B5-94DD-5BFB7D5CDD54,67,2
F2FBA393-DC1F-46B5-94DD-5BFB7D5CDD54,80,2
F2FFCF79-5B21-4AFF-BA50-B3DE632588D2,10,0
F3086324-5DDA-4EA1-AE9A-4DAE422CD274,21,3
F310D1A5-FD8C-4BF3-A4AA-3BC26FED89D7,13,2
F310D1A5-FD8C-4BF3-A4AA-3BC26FED89D7,38,2
F310D1A5-FD8C-4BF3-A4AA-3BC26FED89D7,51,2
F33E9EF3-C42D-49FC-B555-F8DD811EC0D1,14,2
F3663D8E-40D7-40C3-913A-55021219C967,6,3
F3663D8E-40D7-40C3-913A-55021219C967,13,3
F3663D8E-40D7-40C3-913A-55021219C967,17,3
F3663D8E-40D7-40C3-913A-55021219C967,22,3
F3663D8E-40D7-40C3-913A-55021219C967,43,3
F3663D8E-40D7-40C3-913A-55021219C967,68,3
F3663D8E-40D7-40C3-913A-55021219C967,81,3
F3663D8E-40D7-40C3-913A-55021219C967,101,3
F3806464-87DB-4AE1-BFF5-3EEB6FDE104F,2,3
F3806464-87DB-4AE1-BFF5-3EEB6FDE104F,7,5
F3806464-87DB-4AE1-BFF5-3EEB6FDE104F,14,3
F3806464-87DB-4AE1-BFF5-3EEB6FDE104F,19,3
F3806464-87DB-4AE1-BFF5-3EEB6FDE104F,40,3
F3CF56BB-F5FE-40F8-8292-0C5CDE1A5649,5,3
F3CF56BB-F5FE-40F8-8292-0C5CDE1A5649,8,3
F3CF56BB-F5FE-40F8-8292-0C5CDE1A5649,21,3
F3DC5D13-9D50-4E2D-B169-9C70979649DF,16,3
F3DC5D13-9D50-4E2D-B169-9C70979649DF,18,3
F4222B62-9D20-4173-9DA7-B048EEDA3486,11,3
F4245CCA-B048-4FC8-AC96-25356B59A2D9,7,3
F4245CCA-B048-4FC8-AC96-25356B59A2D9,14,0
F458A115-E2F1-4D6B-B629-4C65BBDB5514,7,0
F458A115-E2F1-4D6B-B629-4C65BBDB5514,46,3
F458A115-E2F1-4D6B-B629-4C65BBDB5514,49,2
F48A8D0B-F86A-4835-92AC-BABF3C53F26A,3,2
F49656C2-4000-4874-9E65-2B4A1DEDD6ED,7,3
F49656C2-4000-4874-9E65-2B4A1DEDD6ED,37,3
F4C6F00A-06B8-4A39-9BA8-5E3907658E17,43,2
F4C6F00A-06B8-4A39-9BA8-5E3907658E17,48,3
F4C914F8-5669-45F2-A74B-790CCDC96462,6,2
F4C914F8-5669-45F2-A74B-790CCDC96462,11,2
F4C914F8-5669-45F2-A74B-790CCDC96462,13,2
F4C914F8-5669-45F2-A74B-790CCDC96462,32,2
f51b8986-eb6b-4d99-ba25-3e675a2257c9,78,1
f51b8986-eb6b-4d99-ba25-3e675a2257c9,79,1
F537DFBD-4247-44C5-89AB-C54C3B42B9C4,21,0
F53C73F2-6B42-427D-82C5-545049089B0B,2,3
F5C9A6CD-1D38-4B6D-920A-21398EFC5352,24,3
f5cffd30-e15c-4338-bdac-e216764a5fcb,11,1
f5cffd30-e15c-4338-bdac-e216764a5fcb,186,1
F5F7E479-9255-4647-A5EF-B1522542606F,35,3
f605e4c2-abfa-4cc7-8b65-4c645b3153ef,186,3
F6115BED-5F64-44F6-910B-8C35603F9176,39,3
F6115BED-5F64-44F6-910B-8C35603F9176,43,3
F6115BED-5F64-44F6-910B-8C35603F9176,50,3
F6115BED-5F64-44F6-910B-8C35603F9176,59,3
F620FE2B-01C9-45AA-B730-D0A1592FAA93,2,2
F620FE2B-01C9-45AA-B730-D0A1592FAA93,20,2
F620FE2B-01C9-45AA-B730-D0A1592FAA93,23,2
F620FE2B-01C9-45AA-B730-D0A1592FAA93,34,2
F620FE2B-01C9-45AA-B730-D0A1592FAA93,46,2
F6231DAC-7DE8-437C-BFEC-DBBB1E2E28F5,6,2
F6231DAC-7DE8-437C-BFEC-DBBB1E2E28F5,17,2
F6231DAC-7DE8-437C-BFEC-DBBB1E2E28F5,59,2
F6231DAC-7DE8-437C-BFEC-DBBB1E2E28F5,67,3
F629B1DB-CCBF-421C-AC4B-2C119193BE86,24,3
f62dc1d2-12f3-414e-88ed-e1a8f53ebd5a,27,3
F66BFD9C-BA6F-4221-BC45-795DAFC10083,2,3
F671D499-00B7-4650-8CDD-D9F2F31B5156,3,6
F683E7CC-0D33-4959-A510-6843E95232A4,5,3
F683E7CC-0D33-4959-A510-6843E95232A4,7,3
F683E7CC-0D33-4959-A510-6843E95232A4,14,3
F683E7CC-0D33-4959-A510-6843E95232A4,20,3
F6DD4DFE-7673-43CB-B905-68FD89ECE642,59,3
F74E464E-BC2A-4A35-8C0F-A97EC34C4ACD,3,3
F74E464E-BC2A-4A35-8C0F-A97EC34C4ACD,5,3
F75FB1D4-B702-4F5F-9D56-1A1C9432210E,2,2
F75FB1D4-B702-4F5F-9D56-1A1C9432210E,35,2
F75FB1D4-B702-4F5F-9D56-1A1C9432210E,40,0
F7967A4D-C1AB-4FB1-A82A-59DCC6C730BC,39,3
F7967A4D-C1AB-4FB1-A82A-59DCC6C730BC,66,3
f796f47c-43bd-4889-88b7-e6b096837797,55,2
f796f47c-43bd-4889-88b7-e6b096837797,64,2
f79c5ee2-3390-4a02-9a90-3d19c3137b96,56,3
F7A9798C-162B-4FC0-9E84-AC2B2400BC78,11,6
F7A9798C-162B-4FC0-9E84-AC2B2400BC78,50,2
F7A9798C-162B-4FC0-9E84-AC2B2400BC78,70,2
F7A9798C-162B-4FC0-9E84-AC2B2400BC78,72,5
F7B5DB3A-3EC9-4D98-87EC-72E96ECF06A3,10,2
F7B5DB3A-3EC9-4D98-87EC-72E96ECF06A3,18,2
F7B5DB3A-3EC9-4D98-87EC-72E96ECF06A3,22,2
F7FDEC08-A5A3-4CDE-B10F-1ADB1AD128A7,24,3
F7FDEC08-A5A3-4CDE-B10F-1ADB1AD128A7,31,3
f83beedd-edc4-41ca-a9eb-d9a14b9a4a1f,63,2
F859212C-209C-4C15-B70D-5A0BAE32FDE9,9,3
F859212C-209C-4C15-B70D-5A0BAE32FDE9,17,3
F88138A6-21BE-4FF9-AC54-C5AFB1AAC550,10,3
F88138A6-21BE-4FF9-AC54-C5AFB1AAC550,16,3
F88138A6-21BE-4FF9-AC54-C5AFB1AAC550,17,3
F88138A6-21BE-4FF9-AC54-C5AFB1AAC550,22,3
F88138A6-21BE-4FF9-AC54-C5AFB1AAC550,31,3
F88138A6-21BE-4FF9-AC54-C5AFB1AAC550,32,3
F88138A6-21BE-4FF9-AC54-C5AFB1AAC550,33,6
F8B31784-0DE7-4A80-825D-874132FF15E2,9,2
F8B31784-0DE7-4A80-825D-874132FF15E2,18,2
F8B31784-0DE7-4A80-825D-874132FF15E2,39,2
F8B31784-0DE7-4A80-825D-874132FF15E2,45,2
f8c3dc9c-3940-42f1-873e-87e9bc80ac48,25,3
f8c3dc9c-3940-42f1-873e-87e9bc80ac48,52,3
f8c3dc9c-3940-42f1-873e-87e9bc80ac48,80,3
F8DACB7F-0133-4622-ADB7-135809C667C1,2,1
F8DACB7F-0133-4622-ADB7-135809C667C1,8,0
F8DACB7F-0133-4622-ADB7-135809C667C1,57,1
F91CD4D9-B43A-42DF-BDBD-61D05C318AF7,44,3
F944F38F-F357-4CCA-A515-9D68CB687C0D,2,3
F944F38F-F357-4CCA-A515-9D68CB687C0D,3,3
F944F38F-F357-4CCA-A515-9D68CB687C0D,7,1
F944F38F-F357-4CCA-A515-9D68CB687C0D,8,1
F944F38F-F357-4CCA-A515-9D68CB687C0D,19,1
F944F38F-F357-4CCA-A515-9D68CB687C0D,20,1
F944F38F-F357-4CCA-A515-9D68CB687C0D,21,3
F944F38F-F357-4CCA-A515-9D68CB687C0D,23,1
F944F38F-F357-4CCA-A515-9D68CB687C0D,26,3
F944F38F-F357-4CCA-A515-9D68CB687C0D,28,1
F944F38F-F357-4CCA-A515-9D68CB687C0D,34,1
F94D5644-278C-4FD9-AB7D-79B15D5FAD9F,17,6
F94D5644-278C-4FD9-AB7D-79B15D5FAD9F,24,3
F94D5644-278C-4FD9-AB7D-79B15D5FAD9F,32,3
F954571E-FB30-49E3-879C-6C91DC4515C8,3,3
F969AE80-6BAE-45B8-AD83-DD5C2EE3A631,20,3
F96D75F4-E9D5-45E1-910A-90CC23B6F25E,27,3
F9BDB978-F8B0-4275-92FC-F3857010E601,50,3
F9C0F4F2-E5D9-4667-88F7-8B432548916C,14,2
fa3ddb55-bd99-48dd-a4f0-7fe593efee9a,70,0
FA59E237-B96A-469B-8A07-1D5249442B65,38,0
FA59E237-B96A-469B-8A07-1D5249442B65,51,3
FA683ADE-511E-4978-B04E-6023B408BC8E,3,2
FA683ADE-511E-4978-B04E-6023B408BC8E,21,2
FA71C8DC-2422-4945-85B6-A87BD6E9C573,56,4
FA73EA91-458A-492F-973D-52C603AC6F71,132,2
FAB67F37-0611-4F8D-A1FB-FE2CE3926591,2,2
fb02c8a0-b8ee-427e-bd40-16c4eb5f76c7,25,4
fb02c8a0-b8ee-427e-bd40-16c4eb5f76c7,44,2
fb37a0d8-3903-451e-8f2a-90926f850706,95,3
FB412C7A-06B6-4B06-916B-02667F762654,32,3
FB412C7A-06B6-4B06-916B-02667F762654,63,3
FB68BA7A-5079-4215-A7B5-46FD7CB21F64,11,3
FB6A5C02-F3A8-4A64-A479-F75C60F84D10,23,3
FB6A5C02-F3A8-4A64-A479-F75C60F84D10,27,2
FB6A5C02-F3A8-4A64-A479-F75C60F84D10,40,3
FB89C6A1-8AA7-43E2-B051-F11CEF61D106,7,3
FB89C6A1-8AA7-43E2-B051-F11CEF61D106,19,3
FB89C6A1-8AA7-43E2-B051-F11CEF61D106,23,3
FB89C6A1-8AA7-43E2-B051-F11CEF61D106,29,3
FBDE24F4-6511-474F-A5F2-2A1D64161C3F,16,3
FBDE24F4-6511-474F-A5F2-2A1D64161C3F,22,3
FC352BEF-BEE4-450B-A6CF-F7BFDE72BF13,27,2
FC6E1F12-DDC0-47D8-B30E-67898D2D1B0A,5,2
FC6E1F12-DDC0-47D8-B30E-67898D2D1B0A,26,2
fc6fdd37-48f7-4e86-b2ca-30fc58f07902,5,2
fc6fdd37-48f7-4e86-b2ca-30fc58f07902,23,2
FC7BFA24-2FCC-472D-BD8A-CCC65E4EF2BE,7,3
FC7BFA24-2FCC-472D-BD8A-CCC65E4EF2BE,14,3
FC7BFA24-2FCC-472D-BD8A-CCC65E4EF2BE,34,3
FC990225-E757-45EE-AC7A-45E966CCC897,48,2
FCBAD8FE-8ED6-4012-AEAF-58004420CF10,1,3
FCBAD8FE-8ED6-4012-AEAF-58004420CF10,29,3
FCBAD8FE-8ED6-4012-AEAF-58004420CF10,37,3
fd64f322-d880-4436-b457-a723bb5f967f,1,2
fd64f322-d880-4436-b457-a723bb5f967f,15,2
FD765584-2AA9-4D50-8C9D-5570B68EB242,41,2
FD765584-2AA9-4D50-8C9D-5570B68EB242,58,2
FD870E37-8828-4AB3-ACDC-D26D825972EB,34,1
FD880E9B-8F06-4593-8D47-C8B4B34F4041,11,3
FD880E9B-8F06-4593-8D47-C8B4B34F4041,12,0
FD880E9B-8F06-4593-8D47-C8B4B34F4041,13,0
FDA34C40-22FB-42BC-9F78-C03E4E8885D9,13,3
FDA34C40-22FB-42BC-9F78-C03E4E8885D9,77,3
FDDC6370-1BA0-4C4F-8D98-050842BAA62C,40,2
FDDC6370-1BA0-4C4F-8D98-050842BAA62C,46,2
FDED57D3-3B6A-45B3-A979-17E0AC56507B,10,3
FE40C648-413B-486D-BC20-AE3F646C23CE,30,3
FE40C648-413B-486D-BC20-AE3F646C23CE,32,3
FE40C648-413B-486D-BC20-AE3F646C23CE,48,3
FE414358-3E46-45CE-A5E7-2881D5D2929B,16,3
FE414358-3E46-45CE-A5E7-2881D5D2929B,18,3
FE414358-3E46-45CE-A5E7-2881D5D2929B,22,3
FE414358-3E46-45CE-A5E7-2881D5D2929B,32,3
FE414358-3E46-45CE-A5E7-2881D5D2929B,72,3
FE414358-3E46-45CE-A5E7-2881D5D2929B,77,3
FE4437ED-9B9D-419D-80EB-7DA9D110D4CE,9,3
FE4437ED-9B9D-419D-80EB-7DA9D110D4CE,25,3
FE4437ED-9B9D-419D-80EB-7DA9D110D4CE,30,0
FEA61F77-F791-427C-95FF-8744E996B3C4,49,0
FEA87984-E706-472E-A255-3D9211D4DDC7,20,3
FEBC9FBD-06BC-4D32-8327-812B9F03AC88,20,3
FEE09BEB-1CFE-4DDF-A46D-3721E4E31295,5,2
FEE09BEB-1CFE-4DDF-A46D-3721E4E31295,8,2
FEE09BEB-1CFE-4DDF-A46D-3721E4E31295,28,2
FEF1CABE-790D-4EA5-8DBF-71C98E63A3B8,49,3
FEF1CABE-790D-4EA5-8DBF-71C98E63A3B8,83,3
FF0A2C5B-C125-4EA2-BBB8-C7998729D4AE,11,3
FF0A2C5B-C125-4EA2-BBB8-C7998729D4AE,43,3
FF5B84E5-3363-4B93-B110-705087D52FB2,9,0
FF5B84E5-3363-4B93-B110-705087D52FB2,10,1
FF5B84E5-3363-4B93-B110-705087D52FB2,11,1
FF5B84E5-3363-4B93-B110-705087D52FB2,12,1
FF5B84E5-3363-4B93-B110-705087D52FB2,13,1
FF5B84E5-3363-4B93-B110-705087D52FB2,18,1
FF5B84E5-3363-4B93-B110-705087D52FB2,22,0
FF5B84E5-3363-4B93-B110-705087D52FB2,24,0
FF5B84E5-3363-4B93-B110-705087D52FB2,25,1
FF5B84E5-3363-4B93-B110-705087D52FB2,30,1
FF5B84E5-3363-4B93-B110-705087D52FB2,33,3
ff5e82c7-2f43-4904-99dd-74e2df8befbf,1,2
ff5e82c7-2f43-4904-99dd-74e2df8befbf,5,2
ff5e82c7-2f43-4904-99dd-74e2df8befbf,58,6
FF871FC4-FEE4-4F25-9C55-8D3C6DE3B280,9,3
FF871FC4-FEE4-4F25-9C55-8D3C6DE3B280,36,3
FF871FC4-FEE4-4F25-9C55-8D3C6DE3B280,38,3
FF871FC4-FEE4-4F25-9C55-8D3C6DE3B280,43,3
FF9F2789-A328-4E17-A941-956089819802,5,4
FF9F2789-A328-4E17-A941-956089819802,35,4
ffaa9393-3a75-48ec-8e2d-f0d0e1dd943d,25,3
ffaa9393-3a75-48ec-8e2d-f0d0e1dd943d,148,3
FFCFBF82-F915-4119-A721-CF3EA470D8EB,41,3
FFDB1401-F690-4D07-A741-97240FBE5B1C,42,3
8C4200CA-A79D-45B8-83C4-E204C4CCEF36,28,0
8C6546F4-87C1-4298-A2A2-F095A820994A,17,3
8CA630ED-5D73-4E90-8E40-9868FC43BA52,48,0
8CAE38BF-8E50-487C-911C-40C5C826733D,23,3
8DA962F6-9A20-4236-8375-14520A116D96,36,0
8dd3b757-1a41-4884-b589-4bf3d0c0bcc9,51,2
8e8d8ad3-1cf3-401c-91d6-78329d413542,33,2
901E7D00-64EA-4072-9054-CDFA45363E62,13,0
906D4E67-DA8B-40EC-A8DC-40324EC41C73,27,0
90A8C41D-98C9-482D-8F45-6E3EE307993B,68,3
90E1B5B3-3253-48F2-9A36-C632CAF4A215,3,0
940ab8c8-f3e9-4d17-b6af-467577234e10,131,2
95622781-11CA-4BBD-8481-41276ECC4AB9,10,0
95622781-11CA-4BBD-8481-41276ECC4AB9,12,2
95622781-11CA-4BBD-8481-41276ECC4AB9,25,0
95a60d36-5a2e-4d83-a728-31cb5f631aba,89,3
97BAC731-A4A0-4EB7-AA8A-8B31BC2D5C8B,43,3
97CE46CE-D6C7-449A-A057-4FF6B40B9D2D,11,3
97CE46CE-D6C7-449A-A057-4FF6B40B9D2D,66,3
98C2F3C5-DCFE-4881-BEA1-F6145AD0330C,19,0
98C2F3C5-DCFE-4881-BEA1-F6145AD0330C,27,0
98C2F3C5-DCFE-4881-BEA1-F6145AD0330C,35,0
990D0F7F-1991-447B-9367-90FF0EB18FFE,13,5
9948F67C-FED5-448B-8255-EEE156C3FD24,40,4
994F6471-9364-4E48-82CF-F0141803B7A3,47,4
998e476b-5462-4196-b29b-e0a18cdc2be0,2,2
9B5A1D97-7CBE-4967-95D2-1C0DA857FE8A,10,3
9B5A1D97-7CBE-4967-95D2-1C0DA857FE8A,10,3
9BCF272F-82C2-43C6-9669-17E476880957,52,3
9CA153CE-073E-411B-9090-FDB2C77AE5F2,2,0
9CA153CE-073E-411B-9090-FDB2C77AE5F2,26,1
9CE41B60-9B85-480F-90DF-68586619E2A4,4,0
9CE41B60-9B85-480F-90DF-68586619E2A4,6,0
A14FB67E-0671-47F7-AAF9-6016DD2B5CFE,28,0
A1D27592-5672-4626-ABC0-F710CFEB72B3,22,0
A1D27592-5672-4626-ABC0-F710CFEB72B3,48,0
A3D9F2B3-AE64-431C-8891-1608B81A65CF,5,0
A45F79E8-EBA6-4204-A0C7-64483DB2A5BD,56,2
A49C0117-7481-460D-AF40-0113E83049C9,42,3
A53EBAD3-1F82-407A-BCDA-BF1F4B98BE4C,47,3
A54A67DD-3CE0-499E-8D92-CF68B991D54E,36,0
A54A67DD-3CE0-499E-8D92-CF68B991D54E,54,3
A5E7040C-DF6C-46D7-A4D6-06E796D9E57D,27,3
A78CF665-0518-4B6E-9D08-763254D1CDC0,50,3
A87167CC-D25D-46FF-BF8D-90A1F884EE0E,24,3
A8FCAE0D-CDE9-4D14-8D54-F48E72D75AC7,8,0
A91DB9F5-4827-4FB8-AA5E-6E9444389352,26,0
A91DB9F5-4827-4FB8-AA5E-6E9444389352,27,0
A91DB9F5-4827-4FB8-AA5E-6E9444389352,28,0
A94654BB-A720-4A47-A876-E63D2AF16389,12,2
A9EB3E37-236B-43F4-AA8F-731EA96B655B,222,3
AA2A59AC-39CD-45FB-80BC-79415C2F9422,37,3
aa81a12c-8e22-4a9f-989f-6798318debc0,58,0
AAD5CEB1-E569-4EE2-85C9-158D00898D82,4,3
AC0CD8EC-1F56-4993-A964-617AB4404B9D,21,0
AC0CD8EC-1F56-4993-A964-617AB4404B9D,34,0
AC236F2F-CF64-45C7-8249-BEC53952C9F7,185,3
AC8524E5-012C-46CF-B5FD-81D530C82D45,23,2
AD888835-6169-44F0-8074-E4C39F6DF656,11,3
AD888835-6169-44F0-8074-E4C39F6DF656,33,3
AE373972-8D95-4252-A529-266500A8FA16,5,0
AE373972-8D95-4252-A529-266500A8FA16,37,0
AE373972-8D95-4252-A529-266500A8FA16,69,0
ae5e6d68-ab0e-4791-8848-6d51947bb9ca,4,6
AF3F6D88-A0B8-41D5-8B36-BFB24CADFF92,7,0
AF3F6D88-A0B8-41D5-8B36-BFB24CADFF92,26,2
af3fdd7e-a74e-410d-9441-e6f3c577afc5,37,2
AF50ED20-4934-4830-BE9F-0FE61E6D96D1,7,0
B04A91BC-FA7C-4BEF-B2E9-E258CBBDCCC8,65,2
B04A91BC-FA7C-4BEF-B2E9-E258CBBDCCC8,101,2
B14B92B8-2FE8-4566-9D14-5B41463A4F49,22,0
B2B71E63-ABF5-4235-84EE-5F3B970017EB,4,3
B3B5DFD6-DE42-4929-B25D-69597C0D3D36,37,2
B459A47F-243B-47CB-8614-BFA864C5A564,35,2
B4E623E2-2F06-4332-BFE5-A273AE055AD5,9,0
b56f9412-78d7-42bd-ac29-80dcd843198c,64,2
b58ebbf4-842b-4a58-8328-f93319600bea,4,2
B6B385EA-4375-4CB5-B10E-5F2AB3BDAC2E,35,3
B6B385EA-4375-4CB5-B10E-5F2AB3BDAC2E,57,3
B6DFA5CA-B6C0-49BF-9BBD-B538395A30F9,7,2
B6DFA5CA-B6C0-49BF-9BBD-B538395A30F9,26,2
B6DFA5CA-B6C0-49BF-9BBD-B538395A30F9,49,2
B83D8FE4-3A22-4F24-BD08-D812D9337B80,1,2
B83D8FE4-3A22-4F24-BD08-D812D9337B80,8,1
B83D8FE4-3A22-4F24-BD08-D812D9337B80,15,4
B83D8FE4-3A22-4F24-BD08-D812D9337B80,34,0
B83D8FE4-3A22-4F24-BD08-D812D9337B80,37,2
b8706ecb-8c40-44a6-bc45-8233a6e38a60,124,1
BBD02F33-B437-44FF-AF8E-8284E21939ED,7,2
BBFDEFD2-4CD0-47A7-A122-1352426D83E2,47,2
BD699488-E94A-47AC-9DC4-30EE2E7916A4,39,0
BEC79A17-52FA-4610-A087-A57471FD6529,11,0
BF04ABB3-1492-4055-85BF-5BA296A6F6B6,30,2
BF63F9A1-8405-4E90-AA17-23992ECE634D,42,2
BF890F46-591F-4CC1-9539-A962726295E7,27,3
C042DA46-6410-4BA9-A2BC-2F1B5AD4C9AD,24,0
C042DA46-6410-4BA9-A2BC-2F1B5AD4C9AD,25,0
C0BF606E-90DC-459D-BAE5-A9FD48A0B1E5,4,3
C16F9BA1-E1BC-485F-A6EE-D9C438C88C41,20,3
C240F133-C139-4464-AFDB-E96C384BD60C,42,0
C4C645B8-337A-4AE2-86B9-70F4617ACCED,13,2
C4FADEEB-C471-4AC7-9410-5EA3E304532C,7,0
c4fc37bc-0902-4c7b-bf72-91591b41b029,26,1
c6e009b4-dec0-4636-9a1f-56a092699097,46,3
c7572e3d-ce54-4119-bcce-0c929470b78b,25,1
C7816014-F7EB-4410-86AF-8F9E95829F36,40,2
C8D0E74B-0A6B-4B95-A704-C965E633A75B,33,3
C9BC370F-3F1C-42CB-8626-10ED103A5A91,6,3
CC8ACD7E-6E4E-4FFF-9F09-3556918ACBA5,36,0
cc8c3b0c-4320-4365-bc35-ed2f1c12b191,19,0
cc8c3b0c-4320-4365-bc35-ed2f1c12b191,20,0
CF21422F-685B-458E-A30D-7EC9A39C7583,10,0
CF690EE8-8761-43AE-9B61-0254AA34CE3C,13,2
CF690EE8-8761-43AE-9B61-0254AA34CE3C,16,0
cf889fd0-cb00-47dd-8e2f-5c305fbcf50f,16,3
D1D7E9B9-A33A-4014-9DC2-8786958FC0CF,43,2
D216CFB7-161E-4CAC-B549-6B40DA5044CE,14,2
D21BD8A7-EAB1-4784-80B1-AF69C1377886,21,3
D2F1449F-3DD6-4D63-9F25-D4778263005B,6,2
D56ABAD5-316F-4697-8CC2-D6092772D344,39,0
D57397A2-BED3-4BC1-8FA9-1D2E994F67EB,7,2
D57397A2-BED3-4BC1-8FA9-1D2E994F67EB,7,2
D57397A2-BED3-4BC1-8FA9-1D2E994F67EB,40,2
D57397A2-BED3-4BC1-8FA9-1D2E994F67EB,40,2
D619F9E8-4BF5-486F-8CF1-59582E598A9A,6,3
D73C4926-43EB-47E4-A23C-41AA0E25158D,17,0
D74673E0-EB0E-4698-BD3F-005D39AAE4A5,5,3
D74673E0-EB0E-4698-BD3F-005D39AAE4A5,27,3
D8926C6F-80A7-416B-9698-6FC954751445,12,0
D89AB761-16DD-428F-8EAD-C7B04D6AB21D,22,2
d934c144-54b2-4393-9cb2-31a52116b949,42,3
d934c144-54b2-4393-9cb2-31a52116b949,64,3
D9EB3EDA-5D46-4B40-87A1-B8EBE68227EA,29,6
DB56B574-1951-4F45-B950-7541864249E6,6,3
DC8CC5D9-FC78-4EB7-A226-7DBA61C839A6,25,2
DD94EEC1-53D3-4215-97A8-7BC958DC8858,15,0
DDB0A738-6F18-4060-97E4-25001C007A3C,17,0
DDB0A738-6F18-4060-97E4-25001C007A3C,22,0
DE587FEC-DAA6-490B-B63B-5A3DA3789D93,15,2
E0C6F1FD-9B3D-4652-A54D-80CE0F7B0F1D,9,3
E0C6F1FD-9B3D-4652-A54D-80CE0F7B0F1D,67,3
E1CEAF23-B310-402A-8435-198AE82258B1,37,3
E3613C89-E91D-4A9E-B395-1AA19CCE4DA6,6,5
E57CBC05-41A9-4E99-9848-706B89867969,11,0
E58FCF12-2DA2-4349-A98D-F0A3561AA168,4,0
E58FCF12-2DA2-4349-A98D-F0A3561AA168,10,0
E5D2675C-DFC4-4B56-B7F1-0C3B67CEB64B,44,2
E5FC4E51-79DC-4615-A1B2-D472CABF9D44,34,3
E6B643FC-0B0E-4442-96C2-9750D84A16A6,66,2
EA75B084-C4E6-47FB-AAF5-80C051A7EE56,5,0
EB40A951-4908-4ACB-B694-304CF880F0F6,6,3
EB40A951-4908-4ACB-B694-304CF880F0F6,6,3
EB8D3B3D-ECF6-43D7-8AEB-9F42C4BE10B7,2,2
EB8D3B3D-ECF6-43D7-8AEB-9F42C4BE10B7,19,2
EBDD7A03-B15C-4661-9DBC-7F480A8A8C4C,27,3
EC59A261-7AAB-45FC-9A38-41732097EE74,3,3
EC8151DC-2270-46D7-A978-1EC5065E074A,12,0
EC92AE92-3401-409C-B4C5-86D872017C7A,36,2
EEAF9F3C-C1FD-494E-AA79-F8D221B8ABC4,30,3
EF01E601-96C3-4D74-9BF7-A118C2A29917,23,0
EF01E601-96C3-4D74-9BF7-A118C2A29917,28,0
F0593B2F-8A3D-4A48-8EEE-833D8ACD2043,3,0
F0593B2F-8A3D-4A48-8EEE-833D8ACD2043,14,2
DFC627D3-7816-415D-8200-17AFC2B8BC1B,22,3
F0593B2F-8A3D-4A48-8EEE-833D8ACD2043,35,0
F148E00D-5031-48B3-8795-B1AC34E877E4,2,0
F1C8F144-AC1A-4366-BD76-0850E902F272,87,3
F275513E-A944-490D-82D3-E83A8A4FF30C,36,2
F2D646C8-7139-4389-89EB-F1FED9E0791C,2,3
F3086324-5DDA-4EA1-AE9A-4DAE422CD274,6,3
F3086324-5DDA-4EA1-AE9A-4DAE422CD274,12,3
F537DFBD-4247-44C5-89AB-C54C3B42B9C4,11,0
F537DFBD-4247-44C5-89AB-C54C3B42B9C4,24,3
F537DFBD-4247-44C5-89AB-C54C3B42B9C4,30,3
F537DFBD-4247-44C5-89AB-C54C3B42B9C4,42,0
F537DFBD-4247-44C5-89AB-C54C3B42B9C4,44,0
F88138A6-21BE-4FF9-AC54-C5AFB1AAC550,28,3
F9373E85-BD73-4700-BB25-79056DF963FD,23,3
FA59E237-B96A-469B-8A07-1D5249442B65,19,0
FBDE24F4-6511-474F-A5F2-2A1D64161C3F,34,0
FC4B62F7-2C3E-478C-A8D8-E9A80D18BB5E,71,2
FEA61F77-F791-427C-95FF-8744E996B3C4,13,0
FEE09BEB-1CFE-4DDF-A46D-3721E4E31295,39,2
FF5B84E5-3363-4B93-B110-705087D52FB2,8,0
FFDB1401-F690-4D07-A741-97240FBE5B1C,34,3
05B362A2-E62E-465A-904A-B584E080DE55,3,3
006009DD-70A5-41F5-A84B-A08FF3A310F6,66,1
01809C52-B549-4A67-85F3-E48B9AD06C4A,41,2
019b58cd-5f64-4c09-bd18-272e0d6a7161,38,6
019b58cd-5f64-4c09-bd18-272e0d6a7161,54,6
02EA42A4-7D2F-4372-B0A7-01FB61269FE4,27,3
0332E9BD-B3EE-47DD-8E4B-9726B4B506E8,12,4
0332E9BD-B3EE-47DD-8E4B-9726B4B506E8,17,4
038547E6-9894-4C1C-AB55-1C1C0CB4F919,19,2
0397F898-B3E0-42C3-B473-794433F7247C,16,1
0498ABCA-8164-4BD7-AF33-A3CE07D5B7D7,6,0
0498ABCA-8164-4BD7-AF33-A3CE07D5B7D7,31,0
04DC8EA8-BB59-4696-9029-17A1F692396A,111,4
062BC5DE-DDF5-43FE-887D-BC97CE81842F,23,3
069BA11F-5FE1-4E6D-8FA0-BC49F9D62D9B,5,2
069BA11F-5FE1-4E6D-8FA0-BC49F9D62D9B,29,2
069BA11F-5FE1-4E6D-8FA0-BC49F9D62D9B,49,2
072F9C20-EFA3-41E5-BEA8-73DE2E5F8D6E,131,2
072F9C20-EFA3-41E5-BEA8-73DE2E5F8D6E,132,0
087D3480-AADD-4134-B4B8-C91CF90D6AB1,6,3
08ADB718-E303-4F99-9671-2CEAD07D6F19,6,3
09A68FEC-7459-43EA-9946-AB1EF0A82B64,39,2
09FDDAA7-9D07-48A4-B5E0-1F15505DD7C7,6,3
0B7D263D-F6C4-4CBB-A43F-7ADCDBCCE753,2,0
0B7D263D-F6C4-4CBB-A43F-7ADCDBCCE753,27,0
0C0EABE7-8957-461E-AB4A-5B65F7D781AD,32,3
0C0EABE7-8957-461E-AB4A-5B65F7D781AD,33,0
0DCB671F-712B-4215-B98C-EAFC018C42B0,13,3
0F9EA40D-7A31-4C6F-82C5-1500965FF0CD,7,0
104f0095-360b-4bbd-a240-e0ed3a8d8205,46,3
105D0C4B-E33A-41A7-A998-E708DA6737E8,24,2
10D450AE-1403-4D7A-B0CA-B10EB019A767,35,2
1193B735-C9D3-4220-84F7-671DACDD1BCF,4,2
1271C41E-19FD-43B3-9C94-868955198B08,35,2
12D39CCE-C0A5-46DB-BCF2-F1952BEBDA59,9,1
1429D761-9B71-4CA6-90D4-CA968249ED82,41,3
14DAE3B5-F5E3-42AF-BD14-8BFCC3068E77,6,0
14DAE3B5-F5E3-42AF-BD14-8BFCC3068E77,9,0
14DAE3B5-F5E3-42AF-BD14-8BFCC3068E77,31,0
14DAE3B5-F5E3-42AF-BD14-8BFCC3068E77,32,0
14DAE3B5-F5E3-42AF-BD14-8BFCC3068E77,42,1
14F0DDB4-5B63-4024-897C-3B82E8402E2A,4,2
14F0DDB4-5B63-4024-897C-3B82E8402E2A,22,2
14F0DDB4-5B63-4024-897C-3B82E8402E2A,33,2
14F0DDB4-5B63-4024-897C-3B82E8402E2A,36,2
159d077a-df89-4680-9270-f74bd26a7081,18,3
15cb404a-8085-4d89-9602-6a1527800a4b,29,2
180FD01C-C3F9-4682-8FF4-187CE32862F2,56,0
180FD01C-C3F9-4682-8FF4-187CE32862F2,58,0
180FD01C-C3F9-4682-8FF4-187CE32862F2,60,0
18627BD2-2EB7-4082-8F4D-B822724F863B,17,3
1A8D4479-A2AA-4673-A133-77A0A0D4D239,9,3
1C7F7EED-7628-4105-AD73-6740EE48080A,33,0
1CDA58C8-8BBE-4B22-947B-7D9514A87892,11,2
1D50DD24-E398-436A-9812-46EA38972331,41,3
1E01508B-3275-44CB-B04F-6D81BFA15A20,43,2
1E3C6228-3C06-43BB-A702-DF85FE58341B,5,3
1FA6AC35-A6F1-4BFC-B29B-42A82AAA3A2D,1,1
20D7FE02-F1D7-43A8-8B93-034DE068BCE3,66,3
20E879B0-0DDE-4309-934B-20EBC9974252,33,3
2165A654-9393-47F5-B166-248FDB07A054,2,3
225948ed-4d1f-4452-8608-63243be05f36,8,0
225948ed-4d1f-4452-8608-63243be05f36,27,0
22C3D469-8365-44F1-B959-4DE2B94E6FA7,1,3
22C3D469-8365-44F1-B959-4DE2B94E6FA7,1,3
22F242EB-B910-4A85-9E0C-3F49F7E815F6,17,2
2368547A-B8A1-47C6-8DDF-B1C3CA65038D,50,3
240A18CE-FDFB-4683-98AB-F5D6D3A4D63D,43,2
245CB562-9BB1-4A7A-9C91-B0A506526131,41,0
25C49A47-E042-4251-8CAE-D5D2D378D935,14,2
26409FC0-6006-4644-B814-46B469856F53,83,1
26409FC0-6006-4644-B814-46B469856F53,93,1
266D97EF-02C4-4B2C-A066-09B937CFD095,4,3
26BDD0FE-84E9-420E-A55E-37308FCEEF54,14,0
26BDD0FE-84E9-420E-A55E-37308FCEEF54,15,0
282375C2-AC5D-44E5-8B3E-57A2F8CF9C26,14,0
282375C2-AC5D-44E5-8B3E-57A2F8CF9C26,29,0
28B27E53-347E-4B55-8D46-AA2A22652C56,15,3
2921BC5A-74D2-466C-8A14-478D3FF24703,19,6
2921BC5A-74D2-466C-8A14-478D3FF24703,40,0
2A64655F-0BE3-42C4-974E-F3352D9C73CD,17,0
2A64655F-0BE3-42C4-974E-F3352D9C73CD,18,0
2A64655F-0BE3-42C4-974E-F3352D9C73CD,30,0
2A64655F-0BE3-42C4-974E-F3352D9C73CD,43,0
2A64655F-0BE3-42C4-974E-F3352D9C73CD,47,0
2A64655F-0BE3-42C4-974E-F3352D9C73CD,55,0
2B6219BE-B42A-48A2-BCF4-F6DB7E28EF61,29,0
2D0698EE-D2ED-4B39-9E8D-B117E544E21C,12,0
2D0698EE-D2ED-4B39-9E8D-B117E544E21C,32,0
2D0698EE-D2ED-4B39-9E8D-B117E544E21C,33,1
2D3FA438-B663-4F36-94C4-BC6395679267,16,3
2D3FA438-B663-4F36-94C4-BC6395679267,18,3
300A8286-4246-479E-9FC6-CBF2DAE68B95,5,2
306c3bba-823a-46e7-8e03-b16a3ce5a2ef,14,2
3080D823-D4EA-4935-822F-628234ACD402,13,0
3080D823-D4EA-4935-822F-628234ACD402,16,0
3080D823-D4EA-4935-822F-628234ACD402,25,0
334A6997-CEEE-456C-B9E7-4CFB09BE5CA3,29,3
334A6997-CEEE-456C-B9E7-4CFB09BE5CA3,40,3
34B58330-369F-4C09-9DAB-B9C12D051B7B,42,3
34B58330-369F-4C09-9DAB-B9C12D051B7B,65,3
34B58330-369F-4C09-9DAB-B9C12D051B7B,66,3
35650907-4f0b-45a8-b904-695db2b40b07,5,0
35650907-4f0b-45a8-b904-695db2b40b07,15,3
35AD63E9-32A0-49A5-A3F3-7CB7E2021F48,32,2
39D5F879-4D12-4B3E-933A-445A82756038,31,2
3AA1159C-9B26-4EF8-8937-85B62A2B3C9D,6,0
3B95B102-ED64-42F0-AD81-4B5A4185F692,17,2
3C6BD41F-8309-4CDE-AD8C-2DDD8D9E2418,5,0
3D594C0C-BBEE-42ED-80A2-E952556707D7,6,0
3D594C0C-BBEE-42ED-80A2-E952556707D7,47,0
3e720a00-f261-45de-b9c8-de6f62879c89,17,0
3fc0bc28-ec86-4259-addc-7513268a12b4,95,0
40959B1D-148B-42AA-90C1-0E66133A7415,37,3
40C2219A-0081-4075-8641-A464368E5C4F,24,3
40C2219A-0081-4075-8641-A464368E5C4F,45,3
40C2219A-0081-4075-8641-A464368E5C4F,47,3
40CF08ED-60FA-4554-8FB2-8EA67074BF04,16,3
40D9712F-675F-4BCE-AD1D-0650C6997B85,2,3
411a51d0-bdbb-4755-a579-f99418b2fdea,51,2
43011df9-06fb-4923-b116-7c61a73559c3,26,2
43011df9-06fb-4923-b116-7c61a73559c3,37,2
4331FB4B-1072-4C18-8EA5-5D5F7F408460,22,3
4378DC3E-3552-477D-986D-4D9168D77F6C,35,3
43874A92-11FE-4A47-894C-887F842D9A90,62,3
44BF48BD-7950-462D-9D45-70866DBE5C09,14,2
4504D2E3-CD73-419F-A3C2-07AFC782886A,4,4
451174cd-5411-4ed1-9f8f-fb8727f5574c,36,2
451174cd-5411-4ed1-9f8f-fb8727f5574c,47,2
458DBEDA-6225-4427-83AE-A694FA46EF38,21,3
458DBEDA-6225-4427-83AE-A694FA46EF38,108,3
45E82A83-3B0D-4A62-BC09-3A7D09F4EE23,72,4
466825C7-1BE5-4FA4-9AB2-8DDF4C5E95BC,69,2
472DAAF6-5A65-448B-9FE5-D15A15A6140E,67,3
4845CB0A-7349-49E1-921B-7864055FF43F,23,2
484D7F09-E275-4356-A3D5-C5680CA934ED,2,0
484D7F09-E275-4356-A3D5-C5680CA934ED,7,0
484D7F09-E275-4356-A3D5-C5680CA934ED,14,0
484D7F09-E275-4356-A3D5-C5680CA934ED,40,0
484D7F09-E275-4356-A3D5-C5680CA934ED,41,0
4A462DB3-F7D5-4786-A4AE-DCA27A5B860C,19,3
4b79dd8e-0185-48b6-bd02-1d5340b7dc12,52,2
4C80E4B3-F75F-45D3-B65E-F4E6D9E8BC8B,34,0
4EAE9B9A-B962-443E-848C-844B47FFA475,8,0
4EAE9B9A-B962-443E-848C-844B47FFA475,37,0
4EAE9B9A-B962-443E-848C-844B47FFA475,93,0
4EE337CD-B930-495B-8A3C-5394973772A1,36,3
513C8912-26F8-427F-8DBB-85BACE251528,38,0
513C8912-26F8-427F-8DBB-85BACE251528,39,0
51759e83-d515-4c02-9a1e-97c75ca07aa8,36,1
51AC5156-B682-48EF-B8D4-0BFB9F47C8D5,37,1
51E3BF57-7E29-483A-A9BF-E01C78868407,47,0
521811A5-CB23-4368-B586-A123552BA489,30,2
521811A5-CB23-4368-B586-A123552BA489,43,2
527E5692-CA15-4A18-9577-B6D709110CF5,3,2
527E5692-CA15-4A18-9577-B6D709110CF5,60,0
527E5692-CA15-4A18-9577-B6D709110CF5,75,0
533554BC-CFC4-4F5E-AC19-1BC003A1AEA8,28,3
536177f2-11b4-4023-8baf-6469cf6c4609,87,0
539E1435-59A5-4774-B735-578A5478C00A,9,3
54EABCC0-53C5-4F4B-83FA-3A0AE9849C8E,26,2
56B3F63E-C87F-47D6-8175-EA1874F82E7D,52,2
577AE5B7-4EE8-4A5F-8659-4810589C833D,10,3
577AE5B7-4EE8-4A5F-8659-4810589C833D,12,3
577AE5B7-4EE8-4A5F-8659-4810589C833D,32,3
577AE5B7-4EE8-4A5F-8659-4810589C833D,32,0
578B1760-1D83-4625-B478-46646193A5FD,10,3
57D285F0-C4C7-4E35-947D-6F32C1802940,14,2
57D285F0-C4C7-4E35-947D-6F32C1802940,19,2
58F65AFF-3881-43EE-AAA7-6353B10A3618,61,3
5936BD8F-7B5B-4962-A427-878893EAA4F7,3,2
5936BD8F-7B5B-4962-A427-878893EAA4F7,23,2
596B7315-B7EB-42B6-B589-1F6A66AEAE9C,34,3
5A3B04D6-8FEB-4789-A765-EA1A10182EB2,20,0
5A3B04D6-8FEB-4789-A765-EA1A10182EB2,41,1
5AA6CE28-54DC-42A0-86C4-2DE70ED4B358,15,3
5BC27D41-DB9B-47E3-9FDA-5D07BD1EE761,19,3
5BFBAD7A-8578-44B6-8E76-FC3D184F83B6,78,3
5C08A566-D28E-4D56-8E34-A9A06F2D8B36,42,0
5C5F8C1D-D8E0-4A18-BED7-56BD1417F564,125,0
5D01EDB1-203E-44A7-A58D-419602FF4946,11,2
5E05011E-1835-4D9C-941B-BF4917FE8E14,2,3
5E05011E-1835-4D9C-941B-BF4917FE8E14,5,3
5e720326-5771-4054-82cf-9dba0b5c6b11,9,3
6017556F-B240-4628-942A-1A563C47EFCF,73,0
60D360A9-F7FE-4C5C-8668-C03C55039366,27,3
60E017D3-6748-4F0B-9A4E-665183D92498,5,2
6188AC3B-6196-4D6E-85B3-6251B71EF390,5,1
6188AC3B-6196-4D6E-85B3-6251B71EF390,26,1
6191F432-459E-4B4F-B4E4-898D005BFD93,10,1
6191F432-459E-4B4F-B4E4-898D005BFD93,25,1
61D031A3-C387-4987-9849-8E8C97B67B8A,10,3
61D031A3-C387-4987-9849-8E8C97B67B8A,16,3
629ba0b0-5747-4f4b-84f7-a711e4a5736f,99,3
62B7F805-7F46-4E05-AF20-1EE5BEAE2CD8,68,3
63307DD5-C61E-4BFF-8594-623343400CD7,51,2
63A57E7D-5126-4A92-85FC-907A3D0EB393,34,0
6507F067-FB65-4B1D-AD63-1B555BAA74EB,6,3
6507F067-FB65-4B1D-AD63-1B555BAA74EB,10,0
6507F067-FB65-4B1D-AD63-1B555BAA74EB,22,0
652B83D2-528B-4A24-AECB-DF88BCDAC0FC,81,4
6585971C-2973-4579-91F7-7D5D8DF4C615,38,3
667F6FEF-A685-4EC2-89F2-B77C7FD23F71,41,2
67CE5F15-FE11-4F3F-A427-BB8FC7BDD20C,20,2
684B2E39-C3E2-4817-8A83-37265B495222,49,3
68BBF145-E484-4EDB-89B7-D005B146F72E,10,0
69B18CE0-F1E6-4D98-957D-D625245ECA68,11,0
6B24DCC3-ED78-4763-B7B3-3C6AE411F36C,115,1
6B3AE30B-824E-4D95-A310-2F8BC4F818A1,7,6
6C73CC19-EF10-43F9-BAE1-35522BC1CA6B,63,6
6CECABEC-986F-4140-AD38-5AC03CB94BD2,35,0
6D5E5D4C-7A87-4DCB-BD77-1787D7C690AC,106,2
6EBD207A-9062-40E3-B48E-33936317EB3A,28,0
6EBD207A-9062-40E3-B48E-33936317EB3A,34,0
704DD4FB-F048-41E0-B017-91168BC98428,29,3
704DD4FB-F048-41E0-B017-91168BC98428,35,3
70EBF126-7EF6-403B-A59E-A8A8BEDA1348,4,3
7117CC67-FD45-4B11-BA3C-9A0DE124BEA6,20,0
7117CC67-FD45-4B11-BA3C-9A0DE124BEA6,29,0
729E973B-BD3A-465C-9B68-FBE7054E108A,19,0
72EE2E1C-28C2-4AB2-BB2F-CC2F954A9E17,33,2
72EE2E1C-28C2-4AB2-BB2F-CC2F954A9E17,65,0
7500197A-6B26-4CD9-BBE1-37564BFC2126,48,3
75f31177-39d4-4740-a7d4-789887d6f065,38,0
75f31177-39d4-4740-a7d4-789887d6f065,39,0
78BC4C21-2E93-4369-8ACA-6F451BB67239,29,2
78D70E0B-41FD-4311-B58F-12B6D897733E,19,3
78f34be1-591e-4f68-ab38-fcd2edb89e39,43,6
79CFDDAD-C1C4-43E0-AFF7-E92353CCB15C,20,3
7A4C4719-F380-4D27-B822-E5F25446E913,57,3
7AAED6D8-68A9-43A4-9721-80B3C2F705C1,44,3
7c770be5-7e24-40c7-9545-47a3148af6d7,11,0
7CFE0851-268B-4798-8E30-B0799CBECFCA,4,0
7EE8FBE6-5FF2-4462-8504-56AF6A900735,13,0
8004D8FC-21E7-40A8-896A-B8F3AA9096AD,42,0
802BF831-A317-46CC-BE21-5F0C099A7C81,35,0
80457106-6CE9-41F9-94D5-82D8796C319D,5,2
80c1c9e4-5eca-4ba3-805a-120ab73093d7,73,0
83E1BF24-20DA-4493-979D-50B175DAA8CC,31,4
85A2822D-B7EA-4B63-9EE6-F5416C373665,9,2
85f8a860-4ffb-44f3-aa2b-17e875a5700c,39,2
86175C28-DED2-4C29-BAA8-4DAB2FB6BD7F,8,3
86950D01-D1F0-4942-A5F2-FA22961175CC,17,2
86FA77CD-2FD5-4A79-8859-0C876411D613,7,2
88055481-CF28-410D-94AB-FDD1203050F8,32,3
8A267248-3EFC-4F6B-B0F2-9117534F86F6,4,3
8A5683AA-1349-42ED-920A-C5440AC5DBE6,59,2
8b31d592-0640-42b6-9539-a4d4e45b68a1,61,3
8B3AB512-8FC3-4241-89A5-605E2E5D63F7,5,3
8b594aed-df82-4ea8-b5fb-7a57eec7007a,51,4
001DCAB0-2E98-42E2-85EB-CF297A3534EF,19,3
001DCAB0-2E98-42E2-85EB-CF297A3534EF,23,3
001DCAB0-2E98-42E2-85EB-CF297A3534EF,26,3
001DCAB0-2E98-42E2-85EB-CF297A3534EF,28,3
002A399C-B06A-4B43-A37A-6AF4B97EDE05,1,3
002A399C-B06A-4B43-A37A-6AF4B97EDE05,2,3
002A399C-B06A-4B43-A37A-6AF4B97EDE05,14,3
002A399C-B06A-4B43-A37A-6AF4B97EDE05,20,0
002A399C-B06A-4B43-A37A-6AF4B97EDE05,37,1
006009DD-70A5-41F5-A84B-A08FF3A310F6,22,3
E2A06334-A4EB-47F4-A3A7-50B15D2C6551,36,3
006009DD-70A5-41F5-A84B-A08FF3A310F6,24,0
006009DD-70A5-41F5-A84B-A08FF3A310F6,65,1
007BE4B9-DD4B-4E60-8595-D9DDBF25CC19,11,3
007BE4B9-DD4B-4E60-8595-D9DDBF25CC19,32,3
007F5970-E10A-4429-AA90-0DEE4AC8BA57,13,3
007F5970-E10A-4429-AA90-0DEE4AC8BA57,36,3
00945684-01bb-47bc-95f4-1a65afc5ac37,27,2
00C3A67D-3DE7-49DE-842A-BA9018B79F12,6,3
00C3A67D-3DE7-49DE-842A-BA9018B79F12,9,3
0111B9E6-1EBF-4A53-863D-38CF3754A173,1,1
0111B9E6-1EBF-4A53-863D-38CF3754A173,40,1
0111B9E6-1EBF-4A53-863D-38CF3754A173,46,1
012f23b9-c2d7-419e-bfe9-047f90dd8bc8,77,3
0174C9AE-B9F0-4C19-A1E8-2C133FE2506F,7,3
01809C52-B549-4A67-85F3-E48B9AD06C4A,3,2
01809C52-B549-4A67-85F3-E48B9AD06C4A,28,2
018273BC-D687-4211-9B70-BE23C704C191,2,1
018273BC-D687-4211-9B70-BE23C704C191,7,1
018273BC-D687-4211-9B70-BE23C704C191,15,3
018273BC-D687-4211-9B70-BE23C704C191,19,3
0184bd65-8701-4422-bcf7-c732f94bba87,272,2
01CBD148-5AB9-47AA-B61C-5D0721B94053,26,2
01EF4D16-C7DF-427F-999E-104461D32713,11,3
020B83DA-0B8F-456F-AFFE-99378DD1788D,10,3
020B83DA-0B8F-456F-AFFE-99378DD1788D,12,3
020B83DA-0B8F-456F-AFFE-99378DD1788D,17,3
020B83DA-0B8F-456F-AFFE-99378DD1788D,54,3
023C14BC-799F-47E0-91AC-F6F6FA1CD0CD,36,2
0250f641-a0dc-459f-9e3d-df41625c4d64,22,2
0250f641-a0dc-459f-9e3d-df41625c4d64,25,0
02A7AF77-0A90-47F4-B203-F25C8E7C5EE5,9,2
02A7AF77-0A90-47F4-B203-F25C8E7C5EE5,16,1
02A7CF42-7FBA-4FFF-8CA4-033D7CA156AB,9,3
02A7CF42-7FBA-4FFF-8CA4-033D7CA156AB,13,3
02A7CF42-7FBA-4FFF-8CA4-033D7CA156AB,17,3
02A7CF42-7FBA-4FFF-8CA4-033D7CA156AB,18,3
02A7CF42-7FBA-4FFF-8CA4-033D7CA156AB,30,3
02A7CF42-7FBA-4FFF-8CA4-033D7CA156AB,33,3
02A7CF42-7FBA-4FFF-8CA4-033D7CA156AB,59,3
02D3F309-D4C4-4BED-A67F-A4B8BF1B4C30,14,3
02D3F309-D4C4-4BED-A67F-A4B8BF1B4C30,20,3
02E15326-5A56-46F2-9D4C-503DAECFA03D,3,6
02E15326-5A56-46F2-9D4C-503DAECFA03D,79,6
02E15326-5A56-46F2-9D4C-503DAECFA03D,82,6
02E15326-5A56-46F2-9D4C-503DAECFA03D,89,6
02EA42A4-7D2F-4372-B0A7-01FB61269FE4,1,3
02EA42A4-7D2F-4372-B0A7-01FB61269FE4,41,3
031A5743-E3A9-4E3F-8630-B9E74AF28DD4,2,0
031A5743-E3A9-4E3F-8630-B9E74AF28DD4,5,3
031A5743-E3A9-4E3F-8630-B9E74AF28DD4,8,3
031F3BEF-4321-44FA-B62D-4D7974373DDB,16,3
031F3BEF-4321-44FA-B62D-4D7974373DDB,17,3
031F3BEF-4321-44FA-B62D-4D7974373DDB,18,3
03587EC4-9F7C-49AB-BE82-C10E99D9ED29,24,3
03587EC4-9F7C-49AB-BE82-C10E99D9ED29,38,3
03587EC4-9F7C-49AB-BE82-C10E99D9ED29,43,3
03593C58-EBD0-434D-8C1E-1AD20502E4ED,8,3
035f7b11-da12-4dac-960f-4afdf03913d5,8,2
035f7b11-da12-4dac-960f-4afdf03913d5,57,2
035f7b11-da12-4dac-960f-4afdf03913d5,134,2
0397F898-B3E0-42C3-B473-794433F7247C,6,1
0397F898-B3E0-42C3-B473-794433F7247C,10,2
0397F898-B3E0-42C3-B473-794433F7247C,24,1
039fd11b-c417-4e6e-b475-9812a76e7344,13,2
04322784-A2AD-44E8-B415-A7B0FAB42C59,2,0
04322784-A2AD-44E8-B415-A7B0FAB42C59,2,0
04322784-A2AD-44E8-B415-A7B0FAB42C59,3,0
04322784-A2AD-44E8-B415-A7B0FAB42C59,3,0
0445b748-db13-434f-8246-03c75cfc4ba8,57,3
0465FE81-6188-4BF6-9E68-0923BA943DCA,4,2
047A6C98-B00A-4BE7-9A66-7F329EAA7EFA,47,3
0498ABCA-8164-4BD7-AF33-A3CE07D5B7D7,4,0
0498ABCA-8164-4BD7-AF33-A3CE07D5B7D7,11,0
0498ABCA-8164-4BD7-AF33-A3CE07D5B7D7,17,0
0498ABCA-8164-4BD7-AF33-A3CE07D5B7D7,18,0
0498ABCA-8164-4BD7-AF33-A3CE07D5B7D7,22,0
0498ABCA-8164-4BD7-AF33-A3CE07D5B7D7,24,0
0498ABCA-8164-4BD7-AF33-A3CE07D5B7D7,30,0
0498ABCA-8164-4BD7-AF33-A3CE07D5B7D7,33,2
04AB92B7-5067-4E95-B33E-FF8DC8B32050,4,3
04AB92B7-5067-4E95-B33E-FF8DC8B32050,10,3
04AB92B7-5067-4E95-B33E-FF8DC8B32050,12,3
04AB92B7-5067-4E95-B33E-FF8DC8B32050,30,3
04DC8EA8-BB59-4696-9029-17A1F692396A,64,4
04DC8EA8-BB59-4696-9029-17A1F692396A,70,4
04EFB905-A26A-4968-881A-8E2F2D3B83E4,32,2
04EFB905-A26A-4968-881A-8E2F2D3B83E4,36,3
04EFB905-A26A-4968-881A-8E2F2D3B83E4,38,2
04F1D634-910D-404C-A9AE-DB9BECF15DA0,5,2
04f4c669-e099-487d-98b5-f14be075bef8,18,2
04f4c669-e099-487d-98b5-f14be075bef8,125,2
04f4c669-e099-487d-98b5-f14be075bef8,142,2
04FC65B8-D305-438A-A0EB-2C6EC272CABB,5,2
0548E542-DB5C-467F-A7EA-B83C08B54EC5,21,3
0573A692-F0A1-4E58-8D16-31E2EFD3A64A,13,2
0573A692-F0A1-4E58-8D16-31E2EFD3A64A,18,2
0573A692-F0A1-4E58-8D16-31E2EFD3A64A,31,2
057E74C7-D781-4FA3-BD2B-2F4B05555381,10,3
0592cc43-3431-4c52-845f-e957a2a1bf7b,7,1
0592cc43-3431-4c52-845f-e957a2a1bf7b,7,1
0592cc43-3431-4c52-845f-e957a2a1bf7b,8,1
0592cc43-3431-4c52-845f-e957a2a1bf7b,8,1
05ACA86A-9DE3-4A89-8E4B-322220300120,26,3
05ACA86A-9DE3-4A89-8E4B-322220300120,79,3
05B362A2-E62E-465A-904A-B584E080DE55,8,3
05B362A2-E62E-465A-904A-B584E080DE55,19,3
05B362A2-E62E-465A-904A-B584E080DE55,21,3
060E8708-51E4-4B5D-AE24-70337EC8F12D,9,2
062BC5DE-DDF5-43FE-887D-BC97CE81842F,8,3
062BC5DE-DDF5-43FE-887D-BC97CE81842F,19,3
062BC5DE-DDF5-43FE-887D-BC97CE81842F,21,3
062BC5DE-DDF5-43FE-887D-BC97CE81842F,28,3
06527a41-22bb-403b-897d-6a6604979769,1,
06527a41-22bb-403b-897d-6a6604979769,41,2
06527a41-22bb-403b-897d-6a6604979769,74,2
06527a41-22bb-403b-897d-6a6604979769,94,2
06527a41-22bb-403b-897d-6a6604979769,110,2
06527a41-22bb-403b-897d-6a6604979769,131,2
067CB382-9662-4878-A5E7-45C96A1E2D05,30,3
067CB382-9662-4878-A5E7-45C96A1E2D05,32,3
067CB382-9662-4878-A5E7-45C96A1E2D05,36,3
068037E5-8967-4253-9235-13E2C89BBE1B,28,0
06b1a4b7-0cd9-4022-8772-31c0b14f84de,50,3
072243AE-7589-4776-B71A-C61A4738693A,9,3
072243AE-7589-4776-B71A-C61A4738693A,16,3
072243AE-7589-4776-B71A-C61A4738693A,17,3
0754CAB7-EF2B-4F58-905F-9C99AE81AE91,21,2
078B0508-96D6-468A-AA16-03A50E4A09B9,4,3
078B0508-96D6-468A-AA16-03A50E4A09B9,6,3
078B0508-96D6-468A-AA16-03A50E4A09B9,9,3
078B0508-96D6-468A-AA16-03A50E4A09B9,38,3
07B51531-C0F7-442E-8ED4-FC78C7515715,6,3
07B51531-C0F7-442E-8ED4-FC78C7515715,13,3
07F477C8-67A8-4CD4-BFE2-08D674C725A4,1,3
07F477C8-67A8-4CD4-BFE2-08D674C725A4,3,3
07F477C8-67A8-4CD4-BFE2-08D674C725A4,5,3
07FB1BAF-6052-462C-AFDD-B32AACDD73DB,4,3
07FB1BAF-6052-462C-AFDD-B32AACDD73DB,11,3
07FB1BAF-6052-462C-AFDD-B32AACDD73DB,16,3
07FB1BAF-6052-462C-AFDD-B32AACDD73DB,18,3
0815E1CA-59BB-41ED-8964-F1795B3E4C48,15,3
0815E1CA-59BB-41ED-8964-F1795B3E4C48,26,3
08621FE8-E11C-4964-9F8E-5EB997A64A0A,47,2
0866c0b1-0385-41ea-9d5a-05aaa6bc1428,37,3
0866c0b1-0385-41ea-9d5a-05aaa6bc1428,41,3
087400fb-3b88-4e19-98b4-c7a29b62a359,37,2
087400fb-3b88-4e19-98b4-c7a29b62a359,60,2
087D3480-AADD-4134-B4B8-C91CF90D6AB1,43,3
08835c1b-6385-4704-ae45-5dc1760363f9,38,3
08835c1b-6385-4704-ae45-5dc1760363f9,100,3
08835c1b-6385-4704-ae45-5dc1760363f9,125,3
0898D6DF-B6FC-41CF-B51D-FFD38619C113,32,3
0898D6DF-B6FC-41CF-B51D-FFD38619C113,47,3
0898D6DF-B6FC-41CF-B51D-FFD38619C113,77,2
089A7F18-58A5-4EA2-A52F-94B5BE6E3AE9,31,3
089A7F18-58A5-4EA2-A52F-94B5BE6E3AE9,43,3
08a80fad-787b-489a-b7c9-74e342c9b823,76,3
08B36BE5-DAD6-4442-9658-D8A82CC36503,2,3
08BCA70A-7003-467D-8153-2FC6DA0D8246,4,3
08BCA70A-7003-467D-8153-2FC6DA0D8246,18,1
08BCA70A-7003-467D-8153-2FC6DA0D8246,33,1
08E99914-AAF9-4AA1-9AE4-2FF192BBA02C,13,2
091D338B-F563-4836-8377-85DA470353CE,66,3
09285380-DEEE-4976-AE53-82849262014B,9,3
09285380-DEEE-4976-AE53-82849262014B,31,3
0933da5e-56ef-4e12-88e5-d81d6339ef52,2,3
0933da5e-56ef-4e12-88e5-d81d6339ef52,26,3
0933da5e-56ef-4e12-88e5-d81d6339ef52,58,3
0933da5e-56ef-4e12-88e5-d81d6339ef52,71,3
09463CD1-BE2A-4B5D-A268-A782C916CE0B,22,2
09463CD1-BE2A-4B5D-A268-A782C916CE0B,33,2
09DBC000-7939-4515-88A3-B89AB1159EDF,4,3
09DBC000-7939-4515-88A3-B89AB1159EDF,6,3
09DBC000-7939-4515-88A3-B89AB1159EDF,13,2
09DBC000-7939-4515-88A3-B89AB1159EDF,22,3
09DBC000-7939-4515-88A3-B89AB1159EDF,32,2
09FDDAA7-9D07-48A4-B5E0-1F15505DD7C7,16,3
09FDDAA7-9D07-48A4-B5E0-1F15505DD7C7,30,3
0A1AD7E3-DB90-43C0-B53D-D17B8F1053D0,8,3
0A1AD7E3-DB90-43C0-B53D-D17B8F1053D0,14,3
0A1AD7E3-DB90-43C0-B53D-D17B8F1053D0,23,3
0A1AD7E3-DB90-43C0-B53D-D17B8F1053D0,49,3
0AB9A86A-8FDE-4BC0-B077-21FFB7E67439,17,6
0B116CAE-9FF7-4AD2-918E-E18024B44B6B,8,3
0B116CAE-9FF7-4AD2-918E-E18024B44B6B,137,3
0B26EDC3-B8CD-4C5E-BF1C-4AB0E0F8EE7A,6,3
0B26EDC3-B8CD-4C5E-BF1C-4AB0E0F8EE7A,54,3
0B26EDC3-B8CD-4C5E-BF1C-4AB0E0F8EE7A,68,3
0B7621A6-7743-4768-9623-9CEEB69D5F99,2,3
0B7621A6-7743-4768-9623-9CEEB69D5F99,21,3
0B7621A6-7743-4768-9623-9CEEB69D5F99,23,3
0B7621A6-7743-4768-9623-9CEEB69D5F99,35,0
0B8E01AE-A6F9-4915-960E-2543F154DA0A,1,3
0B8E01AE-A6F9-4915-960E-2543F154DA0A,3,3
0B8E01AE-A6F9-4915-960E-2543F154DA0A,7,3
0B8E01AE-A6F9-4915-960E-2543F154DA0A,27,3
0B93346D-527A-4A8B-BBCF-CADE5A2BA8B4,4,3
0B93346D-527A-4A8B-BBCF-CADE5A2BA8B4,9,3
0B93346D-527A-4A8B-BBCF-CADE5A2BA8B4,11,3
0C0EABE7-8957-461E-AB4A-5B65F7D781AD,18,3
0C0EABE7-8957-461E-AB4A-5B65F7D781AD,42,3
0C460C2C-6620-4AD4-AAE6-7EE149F823C7,11,3
0C460C2C-6620-4AD4-AAE6-7EE149F823C7,22,3
0C460C2C-6620-4AD4-AAE6-7EE149F823C7,45,3
0C838FAB-193B-47A8-A6E9-13572591A7F3,2,2
0C838FAB-193B-47A8-A6E9-13572591A7F3,21,2
0C838FAB-193B-47A8-A6E9-13572591A7F3,61,2
0CCF0C42-F273-4457-976C-E608D7CD315A,10,2
0CCF0C42-F273-4457-976C-E608D7CD315A,18,2
0CCF0C42-F273-4457-976C-E608D7CD315A,33,2
0CCF0C42-F273-4457-976C-E608D7CD315A,38,6
0CCF0C42-F273-4457-976C-E608D7CD315A,44,4
0D0D3716-ACB8-44F0-9410-CFC6A0C5AAD6,4,3
0D0D3716-ACB8-44F0-9410-CFC6A0C5AAD6,98,3
0D3C78E1-0672-4DAF-8DCF-A0B81AB56759,12,3
0D4251C1-7BBD-4048-AE92-291D11017AAF,6,3
0D4251C1-7BBD-4048-AE92-291D11017AAF,11,3
0D4F722C-0B1F-4BC9-A071-60D5336656E2,8,2
0D4F722C-0B1F-4BC9-A071-60D5336656E2,14,2
0D4F722C-0B1F-4BC9-A071-60D5336656E2,19,2
0D4F722C-0B1F-4BC9-A071-60D5336656E2,21,2
0D4F722C-0B1F-4BC9-A071-60D5336656E2,26,2
0D55803F-290D-446F-A65B-6114BD7641B0,2,3
0D55803F-290D-446F-A65B-6114BD7641B0,58,3
0d71f90c-0cf1-4a42-95c4-d5532103774a,12,2
0d71f90c-0cf1-4a42-95c4-d5532103774a,17,2
0DA08AF7-290F-44B6-99C6-E208AFA3C1E9,4,2
0DA08AF7-290F-44B6-99C6-E208AFA3C1E9,22,2
0da8c616-f393-4720-82bb-6654b595aa51,10,3
0da8c616-f393-4720-82bb-6654b595aa51,45,3
0DBF7C12-4B28-49CC-8A5E-7EE1D42D49BC,1,2
0DBF7C12-4B28-49CC-8A5E-7EE1D42D49BC,21,2
0DBF7C12-4B28-49CC-8A5E-7EE1D42D49BC,27,2
0DC669FB-4758-4F28-8A9B-45E572F074D0,35,3
0DFB6A32-04A5-4F25-8430-7BD2180F11CC,15,3
0DFB6A32-04A5-4F25-8430-7BD2180F11CC,26,3
0E378956-801C-403E-874B-FF4E0629E4CF,37,3
0E378956-801C-403E-874B-FF4E0629E4CF,41,3
0E85D934-A6A3-42E7-B9FD-5D882E03FD6C,13,2
0E85D934-A6A3-42E7-B9FD-5D882E03FD6C,31,2
0E85D934-A6A3-42E7-B9FD-5D882E03FD6C,36,2
0E85D934-A6A3-42E7-B9FD-5D882E03FD6C,42,2
0E85D934-A6A3-42E7-B9FD-5D882E03FD6C,54,2
0E8845E8-45E1-425A-80A4-685A40128648,5,2
0E8845E8-45E1-425A-80A4-685A40128648,20,2
0EBC94FE-FC5B-4679-9C52-1973766C8376,5,3
0EBC94FE-FC5B-4679-9C52-1973766C8376,27,3
0EFAF237-5306-44FE-8B8E-FDD3C820A91D,10,3
0F406771-1F87-428F-9232-71A6FAE14B81,27,3
0F406771-1F87-428F-9232-71A6FAE14B81,29,3
0F4A9F78-F631-41BC-9E0D-6440E41EF6F3,8,2
0F4A9F78-F631-41BC-9E0D-6440E41EF6F3,35,2
0FD2998F-0503-46A6-A033-890BDAD061E8,26,3
0FF764BA-EA23-44A2-ACFF-D97D4DC6DA5F,25,3
1012430A-0E3D-4417-B7D0-1CFE8B121877,2,3
1012430A-0E3D-4417-B7D0-1CFE8B121877,29,3
1027ED26-02A0-443C-9DCA-72D27002107F,10,1
107ad02e-32cd-45fe-ab08-9a152f1a3188,1,3
107ad02e-32cd-45fe-ab08-9a152f1a3188,8,3
107ad02e-32cd-45fe-ab08-9a152f1a3188,62,3
107ad02e-32cd-45fe-ab08-9a152f1a3188,69,3
107ad02e-32cd-45fe-ab08-9a152f1a3188,94,3
10D450AE-1403-4D7A-B0CA-B10EB019A767,28,3
10EC96D3-FDD1-4DF7-B724-052B8A1D35EC,24,2
10EC96D3-FDD1-4DF7-B724-052B8A1D35EC,39,2
112DCA99-2E38-43C1-BE90-99FA43C8A72D,6,3
112DCA99-2E38-43C1-BE90-99FA43C8A72D,36,3
117F724F-0C7A-4C45-98CD-8F4537A2269D,7,0
117F724F-0C7A-4C45-98CD-8F4537A2269D,14,0
117F724F-0C7A-4C45-98CD-8F4537A2269D,20,2
11A7E76E-2000-467D-9854-1E8F6F6B658F,52,2
11B05B91-93BC-4E3D-9B05-D9A64253BB00,9,3
11B05B91-93BC-4E3D-9B05-D9A64253BB00,11,3
11B05B91-93BC-4E3D-9B05-D9A64253BB00,18,3
11B05B91-93BC-4E3D-9B05-D9A64253BB00,31,3
11B05B91-93BC-4E3D-9B05-D9A64253BB00,38,3
11B05B91-93BC-4E3D-9B05-D9A64253BB00,48,3
11B5EA36-0D94-48D3-A286-9182F2D374CD,8,3
11B5EA36-0D94-48D3-A286-9182F2D374CD,21,0
11B5EA36-0D94-48D3-A286-9182F2D374CD,23,3
11C42317-48A2-4B4F-8109-BA86458237CE,11,3
11C42317-48A2-4B4F-8109-BA86458237CE,18,3
11C42317-48A2-4B4F-8109-BA86458237CE,32,3
11C42317-48A2-4B4F-8109-BA86458237CE,44,3
1271C41E-19FD-43B3-9C94-868955198B08,2,3
1271C41E-19FD-43B3-9C94-868955198B08,23,3
128FAC15-5541-4AB5-B981-686E4357987F,5,3
129A9F13-C5F3-40C8-B7FB-B7A7DEA7F518,12,0
129A9F13-C5F3-40C8-B7FB-B7A7DEA7F518,24,0
129A9F13-C5F3-40C8-B7FB-B7A7DEA7F518,38,4
129A9F13-C5F3-40C8-B7FB-B7A7DEA7F518,47,0
12CF4B3E-1F85-4690-98BF-CB39EBA4125C,8,3
12CF4B3E-1F85-4690-98BF-CB39EBA4125C,35,3
12D39CCE-C0A5-46DB-BCF2-F1952BEBDA59,10,1
12D39CCE-C0A5-46DB-BCF2-F1952BEBDA59,11,5
12D39CCE-C0A5-46DB-BCF2-F1952BEBDA59,12,0
12D39CCE-C0A5-46DB-BCF2-F1952BEBDA59,13,3
12D39CCE-C0A5-46DB-BCF2-F1952BEBDA59,16,3
12D39CCE-C0A5-46DB-BCF2-F1952BEBDA59,18,6
12D39CCE-C0A5-46DB-BCF2-F1952BEBDA59,22,1
12D39CCE-C0A5-46DB-BCF2-F1952BEBDA59,24,0
12D39CCE-C0A5-46DB-BCF2-F1952BEBDA59,25,1
12D8DF25-C152-40F7-A7A2-7983D6F2E8B0,21,2
134D8C76-771A-4E84-9C61-AD81A83D4EF7,6,3
1316AC53-8182-490B-AE1A-44836CE8B391,2,1
1316AC53-8182-490B-AE1A-44836CE8B391,7,1
1316AC53-8182-490B-AE1A-44836CE8B391,8,1
1316AC53-8182-490B-AE1A-44836CE8B391,14,1
1316AC53-8182-490B-AE1A-44836CE8B391,15,1
1316AC53-8182-490B-AE1A-44836CE8B391,20,1
1316AC53-8182-490B-AE1A-44836CE8B391,21,1
1316AC53-8182-490B-AE1A-44836CE8B391,23,0
1316AC53-8182-490B-AE1A-44836CE8B391,26,1
1316AC53-8182-490B-AE1A-44836CE8B391,27,1
13259E1C-0517-4102-BC7A-FE492FDDC228,17,3
133BDD9E-37A9-4F1A-9FE7-035755D4CBDC,16,2
133BDD9E-37A9-4F1A-9FE7-035755D4CBDC,24,2
134D8C76-771A-4E84-9C61-AD81A83D4EF7,11,3
134D8C76-771A-4E84-9C61-AD81A83D4EF7,13,3
134D8C76-771A-4E84-9C61-AD81A83D4EF7,25,3
13672DA2-785A-4B09-85FF-B0D2B569193E,8,4
13672DA2-785A-4B09-85FF-B0D2B569193E,35,4
137C752C-4BBB-4ABA-9270-0EAD983E6F60,9,2
137C752C-4BBB-4ABA-9270-0EAD983E6F60,38,2
1425887D-04C8-41B5-B7ED-F95FF319ADDA,37,2
1429D761-9B71-4CA6-90D4-CA968249ED82,15,3
1429D761-9B71-4CA6-90D4-CA968249ED82,35,3
14343596-1AF8-419C-BECF-1F7CC80C6F1F,4,3
14343596-1AF8-419C-BECF-1F7CC80C6F1F,11,3
14343596-1AF8-419C-BECF-1F7CC80C6F1F,13,3
14343596-1AF8-419C-BECF-1F7CC80C6F1F,31,3
1435AD34-F50B-4F89-87FF-2D56493128F0,6,3
1435AD34-F50B-4F89-87FF-2D56493128F0,9,3
1435AD34-F50B-4F89-87FF-2D56493128F0,80,3
1449A493-23F1-4471-AA29-73B28318ECB8,2,3
1449A493-23F1-4471-AA29-73B28318ECB8,7,3
148301DF-2F99-40B9-8EFC-D5EB22FC2C8F,9,3
148301DF-2F99-40B9-8EFC-D5EB22FC2C8F,11,3
148301DF-2F99-40B9-8EFC-D5EB22FC2C8F,17,3
148301DF-2F99-40B9-8EFC-D5EB22FC2C8F,39,3
1497F637-9F22-42A5-8E91-7FBE1A920641,25,2
1497F637-9F22-42A5-8E91-7FBE1A920641,30,2
1497F637-9F22-42A5-8E91-7FBE1A920641,38,2
1497F637-9F22-42A5-8E91-7FBE1A920641,45,2
1497F637-9F22-42A5-8E91-7FBE1A920641,53,0
149A58E7-F21A-4430-99EC-EFA3AEEFED6D,13,3
149A58E7-F21A-4430-99EC-EFA3AEEFED6D,51,3
149A58E7-F21A-4430-99EC-EFA3AEEFED6D,70,3
14CC73B2-A6F6-41C0-8596-5CFAA772E7BC,16,2
14CC73B2-A6F6-41C0-8596-5CFAA772E7BC,31,2
14DAE3B5-F5E3-42AF-BD14-8BFCC3068E77,4,3
14DAE3B5-F5E3-42AF-BD14-8BFCC3068E77,10,1
14DAE3B5-F5E3-42AF-BD14-8BFCC3068E77,11,1
14DAE3B5-F5E3-42AF-BD14-8BFCC3068E77,17,2
14DAE3B5-F5E3-42AF-BD14-8BFCC3068E77,24,3
14e61dde-4a71-4146-bd40-825c5584ade7,3,3
14F0DDB4-5B63-4024-897C-3B82E8402E2A,11,2
14F0DDB4-5B63-4024-897C-3B82E8402E2A,30,4
14FD00FC-FBF9-4F79-B58B-03DB5E294386,12,1
14FD00FC-FBF9-4F79-B58B-03DB5E294386,17,2
14FD00FC-FBF9-4F79-B58B-03DB5E294386,55,2
15007185-FBF0-4232-AC51-C9CC3D6C6EB4,7,3
15007185-FBF0-4232-AC51-C9CC3D6C6EB4,21,3
152F9E34-10AC-4B96-BE27-89805776104F,31,3
15420882-795D-4240-9958-6DFBC2AAA73D,2,3
15420882-795D-4240-9958-6DFBC2AAA73D,20,3
154945dd-580c-49ec-b132-a25292b24867,12,3
154945dd-580c-49ec-b132-a25292b24867,45,3
154945dd-580c-49ec-b132-a25292b24867,70,3
154e6cc8-0e4e-4c03-bafb-04a6c73ce67b,34,0
154e6cc8-0e4e-4c03-bafb-04a6c73ce67b,40,2
154e6cc8-0e4e-4c03-bafb-04a6c73ce67b,41,0
154e6cc8-0e4e-4c03-bafb-04a6c73ce67b,56,0
156BDBE9-9DC0-412A-AF1A-53203253DBCE,22,2
156BDBE9-9DC0-412A-AF1A-53203253DBCE,65,2
156BDBE9-9DC0-412A-AF1A-53203253DBCE,87,2
157D27B5-44B9-4D3C-8FD1-91C7E3511203,19,2
157D27B5-44B9-4D3C-8FD1-91C7E3511203,23,2
157D27B5-44B9-4D3C-8FD1-91C7E3511203,41,2
157D27B5-44B9-4D3C-8FD1-91C7E3511203,46,2
157D27B5-44B9-4D3C-8FD1-91C7E3511203,84,0
15c1b2f5-efa1-4726-a1fb-07d88c0b324e,12,1
15c1b2f5-efa1-4726-a1fb-07d88c0b324e,18,1
15C501F4-E104-4D2F-A9C0-9569EED88E08,6,4
15C501F4-E104-4D2F-A9C0-9569EED88E08,32,4
15CE0893-C0D1-4EAD-8DC6-4EA58B9A7833,6,2
15CE0893-C0D1-4EAD-8DC6-4EA58B9A7833,9,2
15EB8F88-EE59-45D2-9C37-81FA25CD305D,35,3
15EB8F88-EE59-45D2-9C37-81FA25CD305D,57,3
15F08FD1-FB55-4294-932D-A07EB9A812C8,17,3
15F08FD1-FB55-4294-932D-A07EB9A812C8,25,3
15F08FD1-FB55-4294-932D-A07EB9A812C8,39,3
1612A09E-96C4-4603-84AE-81ACB085D04B,52,2
1612A09E-96C4-4603-84AE-81ACB085D04B,68,2
16200eed-9299-4cb4-b93d-8cd66d3fecc6,94,2
16481ae7-619d-4245-ad31-cdf18083e26c,2,0
16481ae7-619d-4245-ad31-cdf18083e26c,3,0
16481ae7-619d-4245-ad31-cdf18083e26c,7,0
16481ae7-619d-4245-ad31-cdf18083e26c,27,0
16481ae7-619d-4245-ad31-cdf18083e26c,34,0
16481ae7-619d-4245-ad31-cdf18083e26c,37,0
16481ae7-619d-4245-ad31-cdf18083e26c,46,0
16536E14-B8B5-4BCE-8E81-655C6EB22171,29,3
16597cea-6b8c-46a3-82de-34ab4bb04037,43,2
16597cea-6b8c-46a3-82de-34ab4bb04037,66,2
166D3EA4-1BE3-4631-9B64-8EDB61738B4C,1,0
16A1A4F0-6BE5-46FF-BED5-1CF49B27583C,26,2
16C1BD2E-0838-4712-B5EB-D0CD0A9D540D,1,3
16C1BD2E-0838-4712-B5EB-D0CD0A9D540D,15,3
16E0E746-2774-45D9-A66B-9FF997C428A1,24,2
16E0E746-2774-45D9-A66B-9FF997C428A1,30,2
16E0E746-2774-45D9-A66B-9FF997C428A1,43,2
16E0E746-2774-45D9-A66B-9FF997C428A1,47,2
172d44c6-715a-4ac6-99fa-6dc1555888e2,1,2
172d44c6-715a-4ac6-99fa-6dc1555888e2,23,2
172d44c6-715a-4ac6-99fa-6dc1555888e2,96,2
17E9D0AB-1DF0-4EE9-AD90-630FB1095B37,25,3
17FD788C-4CF0-4F43-A0DD-F0E7E6497E25,11,2
17FD788C-4CF0-4F43-A0DD-F0E7E6497E25,22,2
17FD788C-4CF0-4F43-A0DD-F0E7E6497E25,25,2
18000E35-BC39-4F3E-9937-919F7D3A0B2F,3,3
18000E35-BC39-4F3E-9937-919F7D3A0B2F,8,3
18000E35-BC39-4F3E-9937-919F7D3A0B2F,26,3
18000E35-BC39-4F3E-9937-919F7D3A0B2F,37,3
18000E35-BC39-4F3E-9937-919F7D3A0B2F,46,3
18068577-EB54-4E03-82DE-2EA95EDCE813,2,3
18068577-EB54-4E03-82DE-2EA95EDCE813,19,3
18068577-EB54-4E03-82DE-2EA95EDCE813,26,3
18068577-EB54-4E03-82DE-2EA95EDCE813,28,3
180DA138-71AE-43AF-BAC9-3415E7D321A1,23,2
180DA138-71AE-43AF-BAC9-3415E7D321A1,37,2
180FD01C-C3F9-4682-8FF4-187CE32862F2,2,6
180FD01C-C3F9-4682-8FF4-187CE32862F2,5,0
180FD01C-C3F9-4682-8FF4-187CE32862F2,57,6
180FD01C-C3F9-4682-8FF4-187CE32862F2,61,1
180FD01C-C3F9-4682-8FF4-187CE32862F2,69,1
180FD01C-C3F9-4682-8FF4-187CE32862F2,71,0
180FD01C-C3F9-4682-8FF4-187CE32862F2,73,6
1829f8a0-803d-4770-bbc7-1d2f8c3ce7d0,17,1
1829f8a0-803d-4770-bbc7-1d2f8c3ce7d0,44,1
1829f8a0-803d-4770-bbc7-1d2f8c3ce7d0,53,1
182B6185-65EA-4C47-9E19-728108BA2C83,8,3
18580130-5B7E-4B70-A8F1-D650378328BE,23,3
18580130-5B7E-4B70-A8F1-D650378328BE,57,3
18627BD2-2EB7-4082-8F4D-B822724F863B,10,3
18627BD2-2EB7-4082-8F4D-B822724F863B,43,3
18B59D22-126D-4D3D-9C95-E41657F2A5FD,12,2
18B59D22-126D-4D3D-9C95-E41657F2A5FD,16,2
18B59D22-126D-4D3D-9C95-E41657F2A5FD,24,0
18C69B65-0C19-45FB-A891-200B2EF530C9,13,1
18C69B65-0C19-45FB-A891-200B2EF530C9,17,3
18C69B65-0C19-45FB-A891-200B2EF530C9,22,4
18E3EA1F-E14A-4D23-951B-6FC66B52B702,44,2
18E9A4ED-4DFA-43CF-93C0-CC769A1078B3,6,1
18E9A4ED-4DFA-43CF-93C0-CC769A1078B3,9,1
18E9A4ED-4DFA-43CF-93C0-CC769A1078B3,10,1
18E9A4ED-4DFA-43CF-93C0-CC769A1078B3,11,1
18E9A4ED-4DFA-43CF-93C0-CC769A1078B3,16,1
18E9A4ED-4DFA-43CF-93C0-CC769A1078B3,17,1
1935596D-49DC-4CEC-9757-68C6D26431C4,2,2
1935596D-49DC-4CEC-9757-68C6D26431C4,21,2
1935596D-49DC-4CEC-9757-68C6D26431C4,29,2
1935596D-49DC-4CEC-9757-68C6D26431C4,34,2
19736EFF-FB9F-4A91-A95D-9375E4341A9B,22,3
19736EFF-FB9F-4A91-A95D-9375E4341A9B,38,3
19736EFF-FB9F-4A91-A95D-9375E4341A9B,43,3
19953BF3-8C75-49DF-BF09-29062376C808,53,2
19953BF3-8C75-49DF-BF09-29062376C808,55,3
19953BF3-8C75-49DF-BF09-29062376C808,63,2
19995A6B-A160-4D39-8545-181BE36E12A4,1,3
19C20CE8-B9B0-4438-ADC1-3E8AD94FDC7B,3,2
19C20CE8-B9B0-4438-ADC1-3E8AD94FDC7B,20,2
19C20CE8-B9B0-4438-ADC1-3E8AD94FDC7B,28,2
19D7C3D5-C1BF-4854-96C8-76947CEDCE38,14,2
19D7C3D5-C1BF-4854-96C8-76947CEDCE38,29,2
1a06e59a-dce6-436c-b552-e64ddf399d84,15,3
1A54EDCE-89E2-4A11-9139-3E4F51E1FE52,12,3
1A54EDCE-89E2-4A11-9139-3E4F51E1FE52,30,3
1A54EDCE-89E2-4A11-9139-3E4F51E1FE52,42,3
1A54EDCE-89E2-4A11-9139-3E4F51E1FE52,52,3
1A735FC9-4D0A-4388-83C1-B3F3D7C78A90,9,3
1A735FC9-4D0A-4388-83C1-B3F3D7C78A90,22,3
1A735FC9-4D0A-4388-83C1-B3F3D7C78A90,47,3
1AACCE89-7752-49C2-87BA-05357392C7E0,4,3
1AACCE89-7752-49C2-87BA-05357392C7E0,18,3
1AACCE89-7752-49C2-87BA-05357392C7E0,24,3
1AACCE89-7752-49C2-87BA-05357392C7E0,33,3
1AAEDB6A-49A9-4C8F-8FC1-100B137A169A,6,3
1AB87724-15F1-47F2-8F7C-7D89E3F94644,2,3
1AF74212-08F7-4C7D-BC3D-932F2D4511BB,15,3
1AF74212-08F7-4C7D-BC3D-932F2D4511BB,28,0
1AF74212-08F7-4C7D-BC3D-932F2D4511BB,34,3
1AF74212-08F7-4C7D-BC3D-932F2D4511BB,35,3
1AF74212-08F7-4C7D-BC3D-932F2D4511BB,60,3
1AF74212-08F7-4C7D-BC3D-932F2D4511BB,62,3
1B3E8A33-DDE5-4F27-B4A4-55D0DEB4EA57,11,5
1B3E8A33-DDE5-4F27-B4A4-55D0DEB4EA57,18,5
1B42A4B6-2CA8-4FFB-9608-4D9263D4CA1B,4,3
1B42A4B6-2CA8-4FFB-9608-4D9263D4CA1B,11,3
1B42A4B6-2CA8-4FFB-9608-4D9263D4CA1B,16,3
1B448F64-73ED-462E-85EC-49B263CDBF34,7,1
1B4A0DB5-10E2-4BAC-9AFB-141974E92C69,4,2
1B4A0DB5-10E2-4BAC-9AFB-141974E92C69,13,0
1B4A0DB5-10E2-4BAC-9AFB-141974E92C69,25,0
1C0DF313-AA4C-4220-8025-51E57C863EE5,3,4
1C0DF313-AA4C-4220-8025-51E57C863EE5,28,2
1C5E9CA7-FA7B-401E-9A48-00370F933C07,2,2
1C7F7EED-7628-4105-AD73-6740EE48080A,9,1
1C7F7EED-7628-4105-AD73-6740EE48080A,17,1
1C7F7EED-7628-4105-AD73-6740EE48080A,18,1
1C7F7EED-7628-4105-AD73-6740EE48080A,22,0
1C7F7EED-7628-4105-AD73-6740EE48080A,30,1
1C7F7EED-7628-4105-AD73-6740EE48080A,32,1
1C7F7EED-7628-4105-AD73-6740EE48080A,36,1
1C7F7EED-7628-4105-AD73-6740EE48080A,43,1
1C7F7EED-7628-4105-AD73-6740EE48080A,54,1
1C85DB8E-2370-4B28-884E-08B1F9F33B9F,2,3
1C85DB8E-2370-4B28-884E-08B1F9F33B9F,7,3
1C8D4B15-BDF4-4A9F-96A5-C10C1F7D61C6,4,2
1CB6DE3F-5572-4101-AE3A-BEDCA4E4F965,4,2
1CB6DE3F-5572-4101-AE3A-BEDCA4E4F965,6,2
1CB6DE3F-5572-4101-AE3A-BEDCA4E4F965,12,2
1CB6DE3F-5572-4101-AE3A-BEDCA4E4F965,16,2
1CB6DE3F-5572-4101-AE3A-BEDCA4E4F965,18,2
1CC87E33-C122-4727-94FD-879507315A92,12,1
1CC87E33-C122-4727-94FD-879507315A92,65,1
1CC87E33-C122-4727-94FD-879507315A92,72,1
1CC87E33-C122-4727-94FD-879507315A92,81,1
1CDA58C8-8BBE-4B22-947B-7D9514A87892,6,0
1CDA58C8-8BBE-4B22-947B-7D9514A87892,24,2
1CDA93E9-73FF-40D3-A5C1-A637E33E57B2,10,2
1CDA93E9-73FF-40D3-A5C1-A637E33E57B2,32,2
1CF678F2-4FF9-4041-8F81-69A8A8E7DB1C,42,3
1D1CD002-5077-49E3-99E3-E013B58422D4,18,3
1D1FB6D9-E972-43DA-A7B2-625E361989A8,31,6
1D1FB6D9-E972-43DA-A7B2-625E361989A8,33,0
1D1FB6D9-E972-43DA-A7B2-625E361989A8,63,2
1D50DD24-E398-436A-9812-46EA38972331,2,3
1D78E8FA-0CFC-44D8-8228-FB9B352FDD80,16,2
1D78E8FA-0CFC-44D8-8228-FB9B352FDD80,44,2
1D935987-64EB-4D46-A706-E01DF2E89BD1,7,3
1D9659B6-E755-4673-B136-52273BEC5A67,27,2
1d9bf09b-bbcf-4f23-a536-3bde585f7926,1,2
1d9bf09b-bbcf-4f23-a536-3bde585f7926,79,2
1d9bf09b-bbcf-4f23-a536-3bde585f7926,91,4
1DC7B75D-CDF4-4743-A03E-5A7DF8FDAF3C,3,3
1DC7B75D-CDF4-4743-A03E-5A7DF8FDAF3C,23,3
1DD4827D-0E89-4FD7-8F6F-B04E40B924F5,20,3
1E01508B-3275-44CB-B04F-6D81BFA15A20,6,2
1E01508B-3275-44CB-B04F-6D81BFA15A20,9,0
1E01508B-3275-44CB-B04F-6D81BFA15A20,17,2
1E01508B-3275-44CB-B04F-6D81BFA15A20,18,0
1E01508B-3275-44CB-B04F-6D81BFA15A20,38,2
1E1DC3B6-DBBA-48A4-8C80-3BB5166F8B2D,29,2
1E1DC3B6-DBBA-48A4-8C80-3BB5166F8B2D,57,2
1E1DC3B6-DBBA-48A4-8C80-3BB5166F8B2D,73,2
1e3d6ee0-f18d-4bd3-9261-b3aa349c1619,3,3
1E7E498E-1FA2-4738-B0AD-A89F509C0573,14,2
1E80D9E3-3667-45A6-9CA4-77B9D9552115,2,3
1E80D9E3-3667-45A6-9CA4-77B9D9552115,8,3
1E80D9E3-3667-45A6-9CA4-77B9D9552115,26,3
1E80D9E3-3667-45A6-9CA4-77B9D9552115,34,3
1ed1c548-a9cb-47ad-a141-a930d9166cc2,59,2
1F341591-48B7-4EDC-AA3C-76D276BC29A8,26,3
1F3F00D2-E6A9-4E33-B85C-3E6D87E5171A,2,6
1F3F00D2-E6A9-4E33-B85C-3E6D87E5171A,23,2
1f70264d-c4d9-4014-905b-e771938a2f6c,24,2
1f70264d-c4d9-4014-905b-e771938a2f6c,38,2
1f70264d-c4d9-4014-905b-e771938a2f6c,52,2
1f743cee-8d1e-4d60-8152-996a186b7aa6,5,0
1f743cee-8d1e-4d60-8152-996a186b7aa6,7,0
1f743cee-8d1e-4d60-8152-996a186b7aa6,57,0
1F86E423-EF17-4794-87ED-3FC4D3E1A59D,18,3
1FA34A0F-ED01-480A-B7EF-B51150320517,20,3
1FA6AC35-A6F1-4BFC-B29B-42A82AAA3A2D,7,1
1FA6AC35-A6F1-4BFC-B29B-42A82AAA3A2D,8,1
1FA6AC35-A6F1-4BFC-B29B-42A82AAA3A2D,23,1
1FA6AC35-A6F1-4BFC-B29B-42A82AAA3A2D,29,1
1FC8D9F3-F387-467B-ACE3-8733951C86D8,2,3
1FC8D9F3-F387-467B-ACE3-8733951C86D8,15,2
1FC8D9F3-F387-467B-ACE3-8733951C86D8,19,3
1FCFBD0A-0F06-43F1-AD4F-41F8EB38E940,21,3
1FDAEB27-E5BB-42FA-865B-0C3F4D268849,5,3
1FDAEB27-E5BB-42FA-865B-0C3F4D268849,7,3
1FDAEB27-E5BB-42FA-865B-0C3F4D268849,84,3
20CF2B03-D29A-4545-9055-132747D85C09,19,2
20EF1945-599D-4A9F-909A-125F432F9D58,6,2
2105108d-4c3f-457b-b479-ec2cd69e6d46,93,1
2105108d-4c3f-457b-b479-ec2cd69e6d46,137,0
2105108d-4c3f-457b-b479-ec2cd69e6d46,214,3
2105108d-4c3f-457b-b479-ec2cd69e6d46,463,6
2105108d-4c3f-457b-b479-ec2cd69e6d46,480,0
213574CB-EC80-4B3A-832B-8CECB7BE337B,21,3
213574CB-EC80-4B3A-832B-8CECB7BE337B,23,3
2151A9B7-8FA5-4127-B151-2D569FC3E7A0,10,3
2151A9B7-8FA5-4127-B151-2D569FC3E7A0,16,3
215BA8D9-D054-494D-AB16-220C357DFA21,17,3
215BA8D9-D054-494D-AB16-220C357DFA21,38,3
21973BE2-B511-4876-AA33-239C42ADFFA7,6,2
21973BE2-B511-4876-AA33-239C42ADFFA7,11,2
21973BE2-B511-4876-AA33-239C42ADFFA7,31,2
21D1D111-D78D-47F6-9CAC-BE9BF6EB90CF,9,2
21D1D111-D78D-47F6-9CAC-BE9BF6EB90CF,33,2
21D1D111-D78D-47F6-9CAC-BE9BF6EB90CF,50,2
225273a5-11dc-4a7c-8755-5638f01b8685,39,3
225273a5-11dc-4a7c-8755-5638f01b8685,92,3
225273a5-11dc-4a7c-8755-5638f01b8685,136,3
22588E74-1DC9-4E5F-BBD4-CCE23B761E81,4,3
22588E74-1DC9-4E5F-BBD4-CCE23B761E81,6,3
22588E74-1DC9-4E5F-BBD4-CCE23B761E81,13,3
22588E74-1DC9-4E5F-BBD4-CCE23B761E81,24,3
22588E74-1DC9-4E5F-BBD4-CCE23B761E81,32,3
225948ed-4d1f-4452-8608-63243be05f36,15,3
225EF84D-2055-47CA-9C88-746373F5CCD7,12,2
228126F3-CAC9-45B1-9DAD-CB79F83AABA6,9,2
228126F3-CAC9-45B1-9DAD-CB79F83AABA6,24,2
228126F3-CAC9-45B1-9DAD-CB79F83AABA6,31,2
228126F3-CAC9-45B1-9DAD-CB79F83AABA6,44,2
22873E4E-F5F4-4E0A-BEC4-C7C7B9D435CC,7,2
228D8AAC-6E6E-4492-B2A4-27357E0CF0F4,2,2
228D8AAC-6E6E-4492-B2A4-27357E0CF0F4,15,2
228D8AAC-6E6E-4492-B2A4-27357E0CF0F4,21,2
228D8AAC-6E6E-4492-B2A4-27357E0CF0F4,27,2
22a403e4-1762-44a8-8eab-c9611af68377,48,1
22ADB89F-6B54-4C3D-8B8F-3A4DE8D34BA3,18,1
22ADB89F-6B54-4C3D-8B8F-3A4DE8D34BA3,36,1
22C3D469-8365-44F1-B959-4DE2B94E6FA7,7,0
22C3D469-8365-44F1-B959-4DE2B94E6FA7,23,3
22C3D469-8365-44F1-B959-4DE2B94E6FA7,28,3
22F242EB-B910-4A85-9E0C-3F49F7E815F6,24,2
2335133A-951A-41D5-AC6E-47C8C7300064,4,1
2335133A-951A-41D5-AC6E-47C8C7300064,13,1
2344148D-F2D1-4153-BC45-0E22188B616B,15,3
235D979D-D662-4BF3-9356-86594511BDD2,16,3
235D979D-D662-4BF3-9356-86594511BDD2,24,3
235D979D-D662-4BF3-9356-86594511BDD2,36,3
2368547A-B8A1-47C6-8DDF-B1C3CA65038D,10,3
2368547A-B8A1-47C6-8DDF-B1C3CA65038D,18,3
2368547A-B8A1-47C6-8DDF-B1C3CA65038D,22,3
2368547A-B8A1-47C6-8DDF-B1C3CA65038D,45,6
23E9B651-0987-44CC-8F37-53E8CD49714B,82,3
23E9B651-0987-44CC-8F37-53E8CD49714B,108,3
23fc8a33-efe2-4270-9a6f-fda5fad6b2ef,1,2
2402B911-0ACE-435D-8C3E-AD304FE7C494,12,3
2402B911-0ACE-435D-8C3E-AD304FE7C494,16,3
2402B911-0ACE-435D-8C3E-AD304FE7C494,18,3
240A18CE-FDFB-4683-98AB-F5D6D3A4D63D,4,2
240A18CE-FDFB-4683-98AB-F5D6D3A4D63D,9,2
240A18CE-FDFB-4683-98AB-F5D6D3A4D63D,13,2
240A18CE-FDFB-4683-98AB-F5D6D3A4D63D,17,2
240A18CE-FDFB-4683-98AB-F5D6D3A4D63D,25,2
240A18CE-FDFB-4683-98AB-F5D6D3A4D63D,32,2
240A18CE-FDFB-4683-98AB-F5D6D3A4D63D,38,2
24158123-F9A9-4361-A3A0-1DA0705CCE30,45,3
24158123-F9A9-4361-A3A0-1DA0705CCE30,51,3
24158123-F9A9-4361-A3A0-1DA0705CCE30,65,3
244DC03A-78D4-402F-8671-8865CD5F631F,11,3
245CB562-9BB1-4A7A-9C91-B0A506526131,26,0
245CB562-9BB1-4A7A-9C91-B0A506526131,27,0
24C269A6-B243-400A-A565-7299A9209BA3,19,2
24C269A6-B243-400A-A565-7299A9209BA3,40,2
24C8981D-FEDD-435A-A2B8-210E0021AB94,18,3
24d39983-78ca-4d35-8b6f-7a7edea00205,39,2
24DD68D6-12AF-492D-A59E-768801A247CB,4,1
24DD68D6-12AF-492D-A59E-768801A247CB,11,3
24DD68D6-12AF-492D-A59E-768801A247CB,13,1
24DD68D6-12AF-492D-A59E-768801A247CB,17,1
24DD68D6-12AF-492D-A59E-768801A247CB,38,1
24DD68D6-12AF-492D-A59E-768801A247CB,43,1
254A5B47-9CA5-41A7-813C-FE06AFEF6547,3,3
254A5B47-9CA5-41A7-813C-FE06AFEF6547,20,3
254A5B47-9CA5-41A7-813C-FE06AFEF6547,27,3
2556359C-666B-4A08-9842-E1E48B6515CA,9,3
2556359C-666B-4A08-9842-E1E48B6515CA,30,3
2556359C-666B-4A08-9842-E1E48B6515CA,45,3
255ED361-14EC-49CA-AEE3-EA321FF831C1,2,0
255ED361-14EC-49CA-AEE3-EA321FF831C1,3,0
256ABEA7-2551-4995-AD4C-3E8978DAF59B,49,3
2572AA02-D3FB-4EA1-BB5F-48294AF11143,28,3
2572AA02-D3FB-4EA1-BB5F-48294AF11143,34,3
2572AA02-D3FB-4EA1-BB5F-48294AF11143,58,3
2572AA02-D3FB-4EA1-BB5F-48294AF11143,60,3
25A45CA6-6440-4660-A14C-4B61217FE657,39,4
25A45CA6-6440-4660-A14C-4B61217FE657,123,4
25C49A47-E042-4251-8CAE-D5D2D378D935,7,1
25CF15F6-D6A7-4AC6-9B15-F073AD21BC81,13,2
25CF15F6-D6A7-4AC6-9B15-F073AD21BC81,45,2
25D34695-7E9D-41CE-A01D-13B85091DD7F,4,0
25D34695-7E9D-41CE-A01D-13B85091DD7F,12,0
25D34695-7E9D-41CE-A01D-13B85091DD7F,22,0
25D34695-7E9D-41CE-A01D-13B85091DD7F,25,0
25D34695-7E9D-41CE-A01D-13B85091DD7F,36,0
25D34695-7E9D-41CE-A01D-13B85091DD7F,44,0
25D34695-7E9D-41CE-A01D-13B85091DD7F,45,1
2600D41A-C492-466A-AFE0-62E24BC7733B,4,0
2600D41A-C492-466A-AFE0-62E24BC7733B,6,2
2600D41A-C492-466A-AFE0-62E24BC7733B,16,2
262B3329-3BB5-4D82-8D3B-5AB595418B3A,32,3
2637CD7D-FF14-4B45-89A6-60E7EDDDC493,40,2
2638c7ef-a67f-4a56-884b-b3575423b3ac,3,4
2638c7ef-a67f-4a56-884b-b3575423b3ac,15,4
26409FC0-6006-4644-B814-46B469856F53,3,1
26409FC0-6006-4644-B814-46B469856F53,19,0
26409FC0-6006-4644-B814-46B469856F53,28,0
26409FC0-6006-4644-B814-46B469856F53,41,0
26409FC0-6006-4644-B814-46B469856F53,49,1
26409FC0-6006-4644-B814-46B469856F53,82,0
26409FC0-6006-4644-B814-46B469856F53,85,1
26409FC0-6006-4644-B814-46B469856F53,90,0
26409FC0-6006-4644-B814-46B469856F53,96,2
2640DDD6-48AA-4715-AFBE-A4994ECA3D8B,16,5
2640DDD6-48AA-4715-AFBE-A4994ECA3D8B,65,3
266D97EF-02C4-4B2C-A066-09B937CFD095,6,3
266D97EF-02C4-4B2C-A066-09B937CFD095,16,3
26E159AB-DB9D-408F-BD58-260F13759AC3,9,3
26E159AB-DB9D-408F-BD58-260F13759AC3,63,3
2703F2D2-067A-48E1-A021-261FF9673704,2,4
2703F2D2-067A-48E1-A021-261FF9673704,7,3
2703F2D2-067A-48E1-A021-261FF9673704,14,3
2716a43e-4d96-4c41-b235-3d76d01d04da,35,0
2716a43e-4d96-4c41-b235-3d76d01d04da,167,0
2716a43e-4d96-4c41-b235-3d76d01d04da,187,0
2716a43e-4d96-4c41-b235-3d76d01d04da,292,0
2716a43e-4d96-4c41-b235-3d76d01d04da,302,0
2734b709-ada0-4761-92d4-88860829eed6,4,6
2734b709-ada0-4761-92d4-88860829eed6,24,4
2734b709-ada0-4761-92d4-88860829eed6,31,2
2734b709-ada0-4761-92d4-88860829eed6,55,0
2758FF97-0F94-44A0-8F21-B162634794E3,10,6
2758FF97-0F94-44A0-8F21-B162634794E3,16,2
2758FF97-0F94-44A0-8F21-B162634794E3,59,2
2771D552-34D7-46C3-BAE4-19DD2D2BB3AC,2,2
2771D552-34D7-46C3-BAE4-19DD2D2BB3AC,8,2
2771D552-34D7-46C3-BAE4-19DD2D2BB3AC,62,2
2771D552-34D7-46C3-BAE4-19DD2D2BB3AC,76,2
27A3AA97-5BCA-479B-8E41-B8429BA1B98D,3,3
27A3AA97-5BCA-479B-8E41-B8429BA1B98D,8,3
27A3AA97-5BCA-479B-8E41-B8429BA1B98D,26,3
27A3AA97-5BCA-479B-8E41-B8429BA1B98D,37,3
27C198F0-C0E0-4630-A43E-25A28CE9197D,1,3
27D2EA26-13E6-460C-AE87-8E7E2D12C02A,19,3
27F71722-663F-4C8B-9D4A-61A68AA2240D,4,3
27F71722-663F-4C8B-9D4A-61A68AA2240D,6,3
27F71722-663F-4C8B-9D4A-61A68AA2240D,25,3
27F71722-663F-4C8B-9D4A-61A68AA2240D,33,3
282375C2-AC5D-44E5-8B3E-57A2F8CF9C26,19,0
282375C2-AC5D-44E5-8B3E-57A2F8CF9C26,21,1
282375C2-AC5D-44E5-8B3E-57A2F8CF9C26,34,0
282375C2-AC5D-44E5-8B3E-57A2F8CF9C26,35,1
282375C2-AC5D-44E5-8B3E-57A2F8CF9C26,37,1
282375C2-AC5D-44E5-8B3E-57A2F8CF9C26,40,1
282375C2-AC5D-44E5-8B3E-57A2F8CF9C26,41,3
283EDB0A-C6A9-47DF-82E2-8F63692EC726,11,3
283EDB0A-C6A9-47DF-82E2-8F63692EC726,48,3
286081d4-8ad9-40d5-94be-1af33f0a88cd,68,0
2888D4A1-3452-4B05-A9EE-665B660E311D,10,3
2888D4A1-3452-4B05-A9EE-665B660E311D,42,3
2888D4A1-3452-4B05-A9EE-665B660E311D,45,3
2888D4A1-3452-4B05-A9EE-665B660E311D,52,3
2888D4A1-3452-4B05-A9EE-665B660E311D,59,3
2888D4A1-3452-4B05-A9EE-665B660E311D,63,3
2921BC5A-74D2-466C-8A14-478D3FF24703,20,0
2921BC5A-74D2-466C-8A14-478D3FF24703,41,0
2935E76A-248A-403E-860E-15A7BEA3DC6E,9,3
2935E76A-248A-403E-860E-15A7BEA3DC6E,13,3
2935E76A-248A-403E-860E-15A7BEA3DC6E,39,3
2935E76A-248A-403E-860E-15A7BEA3DC6E,44,3
2935E76A-248A-403E-860E-15A7BEA3DC6E,47,3
2935E76A-248A-403E-860E-15A7BEA3DC6E,50,3
2935E76A-248A-403E-860E-15A7BEA3DC6E,70,3
2941A63A-7E94-4697-ACD3-3517EFFB218E,65,0
298101B5-6DF2-48B8-81A9-9F55E84EC2F9,62,2
29AC616A-81F0-4F57-B152-4BB6D09E3032,1,3
29FD2BDF-C67C-4F50-8E90-CEDAFEAA09FF,28,3
29FD2BDF-C67C-4F50-8E90-CEDAFEAA09FF,34,3
2A43DC6D-B6AE-42AD-8329-F036DF562FCF,8,4
2A43DC6D-B6AE-42AD-8329-F036DF562FCF,26,0
2A5CA6FA-94A8-4E14-A490-06265E5B008C,2,3
2A5CA6FA-94A8-4E14-A490-06265E5B008C,5,3
2A5CA6FA-94A8-4E14-A490-06265E5B008C,7,3
2A5CA6FA-94A8-4E14-A490-06265E5B008C,21,3
2A5CA6FA-94A8-4E14-A490-06265E5B008C,27,3
2A5CA6FA-94A8-4E14-A490-06265E5B008C,58,3
2A5CA6FA-94A8-4E14-A490-06265E5B008C,73,3
2A64655F-0BE3-42C4-974E-F3352D9C73CD,42,0
2A839865-D775-4519-BE10-73B64B6C86C0,14,3
2A839865-D775-4519-BE10-73B64B6C86C0,40,3
2A8BE786-3A54-4D25-BC75-FC3DD5ABD278,18,2
2A8BE786-3A54-4D25-BC75-FC3DD5ABD278,43,2
2A8BE786-3A54-4D25-BC75-FC3DD5ABD278,51,2
2AB6A587-FF59-442E-84FC-A0178071FD15,31,4
2B3D2A5C-7768-4F0F-B898-8F9A7F361D22,6,3
2B3D2A5C-7768-4F0F-B898-8F9A7F361D22,11,3
2B3D2A5C-7768-4F0F-B898-8F9A7F361D22,24,3
2B4A66C6-F819-40A8-B3B0-BA3992442EE8,2,3
2B4A66C6-F819-40A8-B3B0-BA3992442EE8,20,3
2B6219BE-B42A-48A2-BCF4-F6DB7E28EF61,1,1
2B6219BE-B42A-48A2-BCF4-F6DB7E28EF61,20,1
2B6219BE-B42A-48A2-BCF4-F6DB7E28EF61,37,1
2BBADAD9-E205-4557-90BC-D470D106146A,26,3
2BD0C243-9C0A-4597-A518-D8C5F002E008,10,4
2C14AD07-2D53-4F72-98F2-FEE382378248,20,2
2C14AD07-2D53-4F72-98F2-FEE382378248,46,2
2C2B5B0A-6EA9-42A0-802D-E4282A16DF52,4,2
2C2B5B0A-6EA9-42A0-802D-E4282A16DF52,44,2
2C2B5B0A-6EA9-42A0-802D-E4282A16DF52,48,2
2C641985-29F1-42D6-AFD8-7D303D6429E9,1,3
2CBD3D33-118F-4FA9-82ED-B4FE8A6C3949,10,0
2CBD3D33-118F-4FA9-82ED-B4FE8A6C3949,12,3
2CD03CD8-D7A1-4864-BDE2-5056E8BC2AFB,21,3
2CD03CD8-D7A1-4864-BDE2-5056E8BC2AFB,27,3
2CD03CD8-D7A1-4864-BDE2-5056E8BC2AFB,40,3
2D0698EE-D2ED-4B39-9E8D-B117E544E21C,6,0
2D0698EE-D2ED-4B39-9E8D-B117E544E21C,10,0
2D0698EE-D2ED-4B39-9E8D-B117E544E21C,16,0
2D0698EE-D2ED-4B39-9E8D-B117E544E21C,24,3
2D0698EE-D2ED-4B39-9E8D-B117E544E21C,25,0
2D0698EE-D2ED-4B39-9E8D-B117E544E21C,30,0
2D202991-7597-478F-ACC4-559C9A47ADEE,11,3
2D49C5B9-31EF-4670-BE94-9EBA3BD7C180,4,3
2D49C5B9-31EF-4670-BE94-9EBA3BD7C180,22,3
2D49C5B9-31EF-4670-BE94-9EBA3BD7C180,36,3
2D585270-633A-4D53-844A-83EE55136424,27,2
2D585270-633A-4D53-844A-83EE55136424,35,4
2D585270-633A-4D53-844A-83EE55136424,37,3
2d59ffc1-a877-4741-bfa4-4a6034551b98,33,2
2d59ffc1-a877-4741-bfa4-4a6034551b98,59,2
2d59ffc1-a877-4741-bfa4-4a6034551b98,64,2
2D688DA1-E5A1-4EC9-AED6-A2DA6719AF54,23,2
2D688DA1-E5A1-4EC9-AED6-A2DA6719AF54,35,2
2D7AB563-8982-4D90-AB34-C66E6DA28DF6,1,2
2DEC634B-1FD8-4702-8B55-55747AF79FC4,2,2
2D7AB563-8982-4D90-AB34-C66E6DA28DF6,137,6
2D7AB563-8982-4D90-AB34-C66E6DA28DF6,146,4
2db0c347-c7c9-4e23-9f5a-d1bbdd0d5574,3,2
2DCE773C-8915-4A2B-9F31-90CD58B2358D,10,3
2DCE773C-8915-4A2B-9F31-90CD58B2358D,33,0
2DD7E162-941D-4F18-B3E2-8977CDAF1279,18,2
2DD7E162-941D-4F18-B3E2-8977CDAF1279,22,2
2DD7E162-941D-4F18-B3E2-8977CDAF1279,33,2
2DEC634B-1FD8-4702-8B55-55747AF79FC4,5,2
2DEC634B-1FD8-4702-8B55-55747AF79FC4,19,2
2DEC634B-1FD8-4702-8B55-55747AF79FC4,35,2
2DEC634B-1FD8-4702-8B55-55747AF79FC4,41,2
2DEC634B-1FD8-4702-8B55-55747AF79FC4,57,2
2E073163-7CA0-4A4A-AE54-0B2FFA600F5C,4,3
2E073163-7CA0-4A4A-AE54-0B2FFA600F5C,12,3
2E073163-7CA0-4A4A-AE54-0B2FFA600F5C,18,3
2E073163-7CA0-4A4A-AE54-0B2FFA600F5C,25,3
2E26BA8D-C8F7-4A51-BF76-BC217D348660,3,3
2e5e1650-136b-4aa8-9fe2-fc0aa1badf02,22,3
2e5e1650-136b-4aa8-9fe2-fc0aa1badf02,30,0
2e5e1650-136b-4aa8-9fe2-fc0aa1badf02,32,6
2e5e1650-136b-4aa8-9fe2-fc0aa1badf02,38,2
2e5e1650-136b-4aa8-9fe2-fc0aa1badf02,47,6
2e5e1650-136b-4aa8-9fe2-fc0aa1badf02,48,2
2E7ED2D2-124E-4AA3-BC14-01D998256A12,1,3
2E7ED2D2-124E-4AA3-BC14-01D998256A12,7,3
2EA8CE24-DF93-4EAF-9BC6-DB4073C66AC9,3,3
2EA8CE24-DF93-4EAF-9BC6-DB4073C66AC9,78,3
2F92254C-331D-4480-8BF4-CE3ED70BE647,11,2
2FA3DF2C-6219-4EF0-A193-56059BEE41FC,13,3
2FDF0EEA-6869-43F1-8BF6-563A835D9A47,7,3
2FDF0EEA-6869-43F1-8BF6-563A835D9A47,15,3
2FDF0EEA-6869-43F1-8BF6-563A835D9A47,29,3
2FDF0EEA-6869-43F1-8BF6-563A835D9A47,58,3
30023407-98C5-48D8-8E1D-7B9C2EFDB5D1,31,1
30023407-98C5-48D8-8E1D-7B9C2EFDB5D1,44,1
30023407-98C5-48D8-8E1D-7B9C2EFDB5D1,63,1
30023407-98C5-48D8-8E1D-7B9C2EFDB5D1,77,1
30023407-98C5-48D8-8E1D-7B9C2EFDB5D1,80,1
300A8286-4246-479E-9FC6-CBF2DAE68B95,1,2
3012645D-6B1B-46BC-A4CE-5A4B90F900B8,10,3
302A1337-16E3-45D2-9688-69A0100D63D1,2,2
302A1337-16E3-45D2-9688-69A0100D63D1,3,0
302A1337-16E3-45D2-9688-69A0100D63D1,7,2
302A1337-16E3-45D2-9688-69A0100D63D1,28,2
302A1337-16E3-45D2-9688-69A0100D63D1,34,6
302A1337-16E3-45D2-9688-69A0100D63D1,35,0
302A1337-16E3-45D2-9688-69A0100D63D1,40,3
302A1337-16E3-45D2-9688-69A0100D63D1,57,2
302E71F0-12D8-487B-BD1E-1EDE91D08C2A,9,3
302E71F0-12D8-487B-BD1E-1EDE91D08C2A,13,3
302E71F0-12D8-487B-BD1E-1EDE91D08C2A,24,3
3080D823-D4EA-4935-822F-628234ACD402,9,0
3080D823-D4EA-4935-822F-628234ACD402,10,0
3080D823-D4EA-4935-822F-628234ACD402,18,0
3080D823-D4EA-4935-822F-628234ACD402,22,0
3080D823-D4EA-4935-822F-628234ACD402,33,0
3080D823-D4EA-4935-822F-628234ACD402,45,0
3080D823-D4EA-4935-822F-628234ACD402,47,0
309A1927-9D68-48EF-BC34-D10CED34F33B,1,2
309A1927-9D68-48EF-BC34-D10CED34F33B,5,2
30A175EB-C275-4030-83F6-6C36CD53B2EB,5,2
30A175EB-C275-4030-83F6-6C36CD53B2EB,34,2
30A6C62A-6501-458E-A0CA-E35E5E76DE5F,5,2
30AE672F-A8F1-4C02-BA16-36C6C85CC5B8,10,3
30AE672F-A8F1-4C02-BA16-36C6C85CC5B8,12,3
30C04A28-F19E-4699-A2DF-7EF0B797C67E,39,6
30ca1e0b-552a-4fd0-855e-675152bad4d5,71,3
30ca1e0b-552a-4fd0-855e-675152bad4d5,89,0
30ca1e0b-552a-4fd0-855e-675152bad4d5,90,0
30ca1e0b-552a-4fd0-855e-675152bad4d5,132,3
30ca1e0b-552a-4fd0-855e-675152bad4d5,137,3
30ca1e0b-552a-4fd0-855e-675152bad4d5,319,3
30E5B8E0-F015-4199-A91E-E8DCB247ECB5,17,2
30E5B8E0-F015-4199-A91E-E8DCB247ECB5,36,2
311ABEB0-0CCE-4C42-9032-58BC770B53EB,57,3
311ABEB0-0CCE-4C42-9032-58BC770B53EB,61,3
311ABEB0-0CCE-4C42-9032-58BC770B53EB,76,3
311CB8DA-D2F9-4558-8CD1-B7A4686A8982,5,0
313CBCB4-A99E-4FD9-8D20-52ADB508891F,11,2
313CBCB4-A99E-4FD9-8D20-52ADB508891F,13,2
313CBCB4-A99E-4FD9-8D20-52ADB508891F,25,2
313CBCB4-A99E-4FD9-8D20-52ADB508891F,32,2
313CBCB4-A99E-4FD9-8D20-52ADB508891F,36,2
3197FF9C-557B-47CB-A870-2A98984A5AAF,12,3
3197FF9C-557B-47CB-A870-2A98984A5AAF,33,0
31bc6abf-c233-4aa1-a2a3-587d4cc45e15,6,3
31bc6abf-c233-4aa1-a2a3-587d4cc45e15,9,3
31bc6abf-c233-4aa1-a2a3-587d4cc45e15,22,3
31bc6abf-c233-4aa1-a2a3-587d4cc45e15,33,3
31bc6abf-c233-4aa1-a2a3-587d4cc45e15,39,2
32009C94-9C9F-481F-8D86-97101094E12F,14,3
32009C94-9C9F-481F-8D86-97101094E12F,20,3
325C619F-32FC-456A-B79C-DC4D69991506,10,3
325C619F-32FC-456A-B79C-DC4D69991506,12,3
32653D30-18B5-4F27-81B9-FD22B17E8A05,4,3
3299D715-FC8A-4712-A1E5-6353B0A5AE3D,36,3
32E2EEAC-D47E-4046-B7A3-C13201E1F1DA,11,3
32E2EEAC-D47E-4046-B7A3-C13201E1F1DA,17,3
32F8530C-44CB-4DF7-B1C1-47C17A17B584,7,3
32F8530C-44CB-4DF7-B1C1-47C17A17B584,76,3
33132A4B-6ED5-4658-B950-C8590142585D,16,0
33142E68-2D91-445F-8DEC-907C59451FF1,10,3
332f9e82-eb31-4988-9a54-e9278422dcab,66,2
332f9e82-eb31-4988-9a54-e9278422dcab,77,2
332f9e82-eb31-4988-9a54-e9278422dcab,87,2
334A6997-CEEE-456C-B9E7-4CFB09BE5CA3,3,3
334A6997-CEEE-456C-B9E7-4CFB09BE5CA3,20,3
334A6997-CEEE-456C-B9E7-4CFB09BE5CA3,41,3
334A6997-CEEE-456C-B9E7-4CFB09BE5CA3,60,3
334A6997-CEEE-456C-B9E7-4CFB09BE5CA3,69,3
334A6997-CEEE-456C-B9E7-4CFB09BE5CA3,74,3
334A6997-CEEE-456C-B9E7-4CFB09BE5CA3,93,3
334A6997-CEEE-456C-B9E7-4CFB09BE5CA3,96,3
334A6997-CEEE-456C-B9E7-4CFB09BE5CA3,102,3
334BB362-6621-4A0C-89BA-9429BDAF4202,47,3
33C14F68-BE39-42DA-BB17-7757446B768A,16,3
33C14F68-BE39-42DA-BB17-7757446B768A,17,3
33C14F68-BE39-42DA-BB17-7757446B768A,39,3
33cbd8ac-953d-4436-bc23-4baeed1d344a,41,6
33cbd8ac-953d-4436-bc23-4baeed1d344a,88,2
33D85FA1-55E3-4C52-BDC7-E9AC05EDF5B7,49,3
33EDC490-6717-4ADD-B886-EC79F9432101,2,3
33EDC490-6717-4ADD-B886-EC79F9432101,7,3
33EDC490-6717-4ADD-B886-EC79F9432101,14,3
33F8740F-BD01-4609-A4F6-E17B05D80082,10,3
33F8740F-BD01-4609-A4F6-E17B05D80082,13,3
33F8740F-BD01-4609-A4F6-E17B05D80082,18,3
33F8740F-BD01-4609-A4F6-E17B05D80082,22,3
33F8740F-BD01-4609-A4F6-E17B05D80082,31,3
340488A4-BD0C-4E11-A4A4-90E53AF41345,10,2
340488A4-BD0C-4E11-A4A4-90E53AF41345,59,2
340488A4-BD0C-4E11-A4A4-90E53AF41345,65,2
340F0E65-5F6A-424E-8FEF-7EC3B906B7D4,13,2
342F69E1-A711-4B23-963F-3A53DC01A3B8,24,3
342F69E1-A711-4B23-963F-3A53DC01A3B8,36,3
3454A9DB-767F-46F7-A343-D60A5D76B9E7,12,2
3454A9DB-767F-46F7-A343-D60A5D76B9E7,36,2
3454A9DB-767F-46F7-A343-D60A5D76B9E7,50,2
346b1a89-e7bd-4802-83a3-1a7594ecd358,1,2
346b1a89-e7bd-4802-83a3-1a7594ecd358,105,2
346b1a89-e7bd-4802-83a3-1a7594ecd358,132,2
347141C1-F8CB-4347-B7A4-684185075ABF,4,2
348FA9B2-1497-4E15-99DE-C83CE996C89A,34,2
348FA9B2-1497-4E15-99DE-C83CE996C89A,57,2
34B58330-369F-4C09-9DAB-B9C12D051B7B,30,3
34B58330-369F-4C09-9DAB-B9C12D051B7B,43,3
34B58330-369F-4C09-9DAB-B9C12D051B7B,51,3
34B58330-369F-4C09-9DAB-B9C12D051B7B,52,3
34B58330-369F-4C09-9DAB-B9C12D051B7B,64,3
34B58330-369F-4C09-9DAB-B9C12D051B7B,72,3
34DEE442-C2EC-4D87-AFC4-96A324877B39,6,2
34F54E1E-5B67-42FC-8CBF-0BA65D44A0C5,9,1
34F54E1E-5B67-42FC-8CBF-0BA65D44A0C5,22,1
34F54E1E-5B67-42FC-8CBF-0BA65D44A0C5,24,1
34F54E1E-5B67-42FC-8CBF-0BA65D44A0C5,25,1
34F54E1E-5B67-42FC-8CBF-0BA65D44A0C5,30,1
34F54E1E-5B67-42FC-8CBF-0BA65D44A0C5,31,1
34F54E1E-5B67-42FC-8CBF-0BA65D44A0C5,32,1
34F54E1E-5B67-42FC-8CBF-0BA65D44A0C5,36,1
34F54E1E-5B67-42FC-8CBF-0BA65D44A0C5,38,0
34F54E1E-5B67-42FC-8CBF-0BA65D44A0C5,39,0
350A3823-DE5D-4CAB-9786-33238B84005E,11,3
350A3823-DE5D-4CAB-9786-33238B84005E,13,3
350A3823-DE5D-4CAB-9786-33238B84005E,17,3
350A3823-DE5D-4CAB-9786-33238B84005E,42,3
350A3823-DE5D-4CAB-9786-33238B84005E,51,3
35650907-4f0b-45a8-b904-695db2b40b07,1,1
35650907-4f0b-45a8-b904-695db2b40b07,41,1
35650907-4f0b-45a8-b904-695db2b40b07,46,1
35650907-4f0b-45a8-b904-695db2b40b07,85,0
35650907-4f0b-45a8-b904-695db2b40b07,94,3
358035C2-8492-4418-82D9-F4BB0207101A,34,2
358035C2-8492-4418-82D9-F4BB0207101A,61,2
35C1BB31-9481-4139-B589-8B5A7442BBF1,10,0
35F3DA7C-1D46-466F-AD1A-9C56418D6C28,4,2
35F4701A-2314-4973-BB17-2314BA35BEC1,11,3
35F48391-9FAD-4105-8F2A-AB554F85921C,7,3
35F48391-9FAD-4105-8F2A-AB554F85921C,19,3
35F48391-9FAD-4105-8F2A-AB554F85921C,21,3
35F48391-9FAD-4105-8F2A-AB554F85921C,28,3
36031565-8CCB-440E-A0C5-9D875C219697,14,3
36369261-0a2a-475e-8eb2-ff1ad13fc1ba,111,3
367A3F77-E985-40A8-BEF7-6C8F09358C35,4,0
367A3F77-E985-40A8-BEF7-6C8F09358C35,6,4
367A3F77-E985-40A8-BEF7-6C8F09358C35,9,1
367A3F77-E985-40A8-BEF7-6C8F09358C35,18,1
367A3F77-E985-40A8-BEF7-6C8F09358C35,22,0
367A3F77-E985-40A8-BEF7-6C8F09358C35,30,2
367A3F77-E985-40A8-BEF7-6C8F09358C35,32,0
367A3F77-E985-40A8-BEF7-6C8F09358C35,33,1
369516F7-E926-40F9-B3D7-F297E0D9E24C,17,3
36AB4F18-3C4C-4AE7-B6C2-DFFCAEA87800,25,6
36AB4F18-3C4C-4AE7-B6C2-DFFCAEA87800,31,6
36AB4F18-3C4C-4AE7-B6C2-DFFCAEA87800,43,1
36AB4F18-3C4C-4AE7-B6C2-DFFCAEA87800,52,6
36DED00A-6AD6-462D-A0A4-13733995A17C,4,3
36DED00A-6AD6-462D-A0A4-13733995A17C,12,3
36FBA28A-347A-4A31-B2A8-2B0E65E0A2E5,2,3
37208C63-BF11-4222-8733-5E2056657E6E,74,3
3744B6A5-EE3E-4DD5-8CAB-49A8BE059E6D,13,0
3744B6A5-EE3E-4DD5-8CAB-49A8BE059E6D,16,0
3744B6A5-EE3E-4DD5-8CAB-49A8BE059E6D,18,6
3744B6A5-EE3E-4DD5-8CAB-49A8BE059E6D,24,0
3767982F-B37B-4A4B-BE08-6F0BFB1B5DD0,2,3
3767982F-B37B-4A4B-BE08-6F0BFB1B5DD0,82,3
3767982F-B37B-4A4B-BE08-6F0BFB1B5DD0,90,3
37847061-0a5d-460f-aef1-ee76c46f7cb8,2,2
37847061-0a5d-460f-aef1-ee76c46f7cb8,20,3
37847061-0a5d-460f-aef1-ee76c46f7cb8,89,3
37ABC1F5-E0EF-4AAF-9DBE-05AAF5E490DD,3,3
37ABC1F5-E0EF-4AAF-9DBE-05AAF5E490DD,20,3
37ABC1F5-E0EF-4AAF-9DBE-05AAF5E490DD,23,3
37ABC1F5-E0EF-4AAF-9DBE-05AAF5E490DD,27,3
37B46A01-2235-46C2-9114-9F009C1C40ED,11,3
37B46A01-2235-46C2-9114-9F009C1C40ED,33,3
37B46A01-2235-46C2-9114-9F009C1C40ED,39,3
37D21118-CF69-427D-8978-29A3AC83802C,27,3
37DBD626-201A-4144-AD59-58CB03A3E1FE,59,3
37DBD626-201A-4144-AD59-58CB03A3E1FE,66,3
38141DBD-3DF5-4517-95CA-BF05A4656E0D,4,3
38141DBD-3DF5-4517-95CA-BF05A4656E0D,6,3
38141DBD-3DF5-4517-95CA-BF05A4656E0D,32,3
38141DBD-3DF5-4517-95CA-BF05A4656E0D,39,3
38318F4C-5506-43C6-AD1F-651D8C7482F1,6,2
38318F4C-5506-43C6-AD1F-651D8C7482F1,30,2
38318F4C-5506-43C6-AD1F-651D8C7482F1,39,2
38318F4C-5506-43C6-AD1F-651D8C7482F1,43,2
38318F4C-5506-43C6-AD1F-651D8C7482F1,48,2
38529822-64dd-4225-8838-3990a57401fe,6,2
38984055-7480-4D71-B771-2DE311C6A995,1,2
38984055-7480-4D71-B771-2DE311C6A995,5,2
38c6297d-2e34-4954-95c2-7c0960d8fa20,1,3
3979E7E7-3DAF-4E61-87E2-4CAB8331D045,1,3
3979E7E7-3DAF-4E61-87E2-4CAB8331D045,8,3
3979E7E7-3DAF-4E61-87E2-4CAB8331D045,15,3
3979E7E7-3DAF-4E61-87E2-4CAB8331D045,23,3
3979E7E7-3DAF-4E61-87E2-4CAB8331D045,34,3
3979E7E7-3DAF-4E61-87E2-4CAB8331D045,46,3
39803967-0BF5-4C77-96CD-9D7176E947C4,8,3
39803967-0BF5-4C77-96CD-9D7176E947C4,74,3
3991F8DB-FF7F-47F0-B970-C2ED22F23056,8,3
3991F8DB-FF7F-47F0-B970-C2ED22F23056,28,3
3991F8DB-FF7F-47F0-B970-C2ED22F23056,41,3
39D0CBCC-8A4F-4600-A3F9-81536D09231E,2,3
39D0CBCC-8A4F-4600-A3F9-81536D09231E,34,3
3A094874-30CC-4A9C-A809-415F872E102F,11,3
3A094874-30CC-4A9C-A809-415F872E102F,16,3
3A727DAD-7BF8-4178-B091-D15FAE0EB0A1,6,0
3A947711-8935-4370-95EA-52F67F7BD415,2,6
3A947711-8935-4370-95EA-52F67F7BD415,15,3
3a996270-4ac6-4f6c-8b61-68f8e3c18d6d,134,4
3AA1159C-9B26-4EF8-8937-85B62A2B3C9D,9,1
3AA1159C-9B26-4EF8-8937-85B62A2B3C9D,13,1
3AA1159C-9B26-4EF8-8937-85B62A2B3C9D,16,1
3AA1159C-9B26-4EF8-8937-85B62A2B3C9D,17,3
3AA1159C-9B26-4EF8-8937-85B62A2B3C9D,18,1
3AA1159C-9B26-4EF8-8937-85B62A2B3C9D,33,0
3AA1159C-9B26-4EF8-8937-85B62A2B3C9D,36,1
3AA1159C-9B26-4EF8-8937-85B62A2B3C9D,38,1
3AA1159C-9B26-4EF8-8937-85B62A2B3C9D,39,1
3AA1159C-9B26-4EF8-8937-85B62A2B3C9D,42,1
3AA1159C-9B26-4EF8-8937-85B62A2B3C9D,43,1
3AA1159C-9B26-4EF8-8937-85B62A2B3C9D,51,0
3AA1159C-9B26-4EF8-8937-85B62A2B3C9D,52,1
3aa90e60-50e4-42f4-b9ec-d08041b32ae0,32,3
3aa90e60-50e4-42f4-b9ec-d08041b32ae0,44,3
3aa90e60-50e4-42f4-b9ec-d08041b32ae0,47,3
3aa90e60-50e4-42f4-b9ec-d08041b32ae0,50,3
3aba074e-be14-4ea5-81a2-2e43186e0614,2,3
3ABFAE0B-D8AB-40A5-9F07-C20FECB35A27,69,3
3AE69BC7-1F31-4C62-9091-1649A588BC89,13,0
3AE69BC7-1F31-4C62-9091-1649A588BC89,22,3
3AE69BC7-1F31-4C62-9091-1649A588BC89,39,2
3af442b7-7295-4208-8bfa-fb37485fa83c,6,3
3af442b7-7295-4208-8bfa-fb37485fa83c,11,3
3af442b7-7295-4208-8bfa-fb37485fa83c,13,3
3b62e530-d3f6-47b1-9a43-f95ba9a1fe0b,55,4
3b62e530-d3f6-47b1-9a43-f95ba9a1fe0b,86,2
3B770731-DC2F-4832-B14C-893C3FFFE447,29,3
3B770731-DC2F-4832-B14C-893C3FFFE447,40,3
3B89E188-6AB5-4378-8CFA-7354EA1B5854,158,3
3B95B102-ED64-42F0-AD81-4B5A4185F692,9,2
3B95B102-ED64-42F0-AD81-4B5A4185F692,11,2
3B95B102-ED64-42F0-AD81-4B5A4185F692,33,2
3B95B6C5-0F72-4C59-A345-24FF70BCAD4F,1,3
3B95B6C5-0F72-4C59-A345-24FF70BCAD4F,23,3
3BD60DEB-83FB-4B73-815F-448ED9BDC015,19,3
3BD6C51A-91DE-4C72-8990-B44AC796263D,44,3
3C0ABB6C-E74A-48D3-A5B3-7F7EF8A9F703,17,3
3C0D81AC-470C-48DC-AA8C-260F9B8D97BD,17,3
3C1FF68C-8AB4-47FA-A555-192DE03B9465,38,3
3C2A16CF-55E1-47F9-9519-BAA19F23667A,2,6
3C2A16CF-55E1-47F9-9519-BAA19F23667A,27,2
3C2A16CF-55E1-47F9-9519-BAA19F23667A,41,2
3C6BD41F-8309-4CDE-AD8C-2DDD8D9E2418,14,0
3CBF6ACC-D6AD-47DD-9D90-7EC1454EEE25,10,3
3CBF6ACC-D6AD-47DD-9D90-7EC1454EEE25,22,3
3CCF809F-1552-41D0-BDF3-6113F8D908A5,3,4
3CCF809F-1552-41D0-BDF3-6113F8D908A5,14,2
3CCF809F-1552-41D0-BDF3-6113F8D908A5,20,2
3CCF809F-1552-41D0-BDF3-6113F8D908A5,28,2
3CE0BA7E-B1E4-4A05-890F-67F7D5FD67FB,48,4
3CE0BA7E-B1E4-4A05-890F-67F7D5FD67FB,54,4
3CE0BA7E-B1E4-4A05-890F-67F7D5FD67FB,92,4
3D2C6469-72CB-488D-A27A-ACCAE12198DE,1,2
3D2C6469-72CB-488D-A27A-ACCAE12198DE,27,2
3D2C6469-72CB-488D-A27A-ACCAE12198DE,46,2
3D2F6349-CCF9-4FA4-B686-1DA96BED050D,2,3
3D2F6349-CCF9-4FA4-B686-1DA96BED050D,8,0
3D2F6349-CCF9-4FA4-B686-1DA96BED050D,15,3
3D2F6349-CCF9-4FA4-B686-1DA96BED050D,21,3
3D594C0C-BBEE-42ED-80A2-E952556707D7,9,2
3D594C0C-BBEE-42ED-80A2-E952556707D7,32,0
3D594C0C-BBEE-42ED-80A2-E952556707D7,50,0
3D594C0C-BBEE-42ED-80A2-E952556707D7,64,0
3D594C0C-BBEE-42ED-80A2-E952556707D7,70,0
3DB2361E-7A82-4519-80BF-7F67D1C16B8C,9,0
3DB2361E-7A82-4519-80BF-7F67D1C16B8C,12,0
3DB2361E-7A82-4519-80BF-7F67D1C16B8C,16,0
3DB2361E-7A82-4519-80BF-7F67D1C16B8C,25,0
3DB2361E-7A82-4519-80BF-7F67D1C16B8C,36,0
3DC8FCD2-2B4A-4431-86B2-00479049BAB6,16,2
3DC8FCD2-2B4A-4431-86B2-00479049BAB6,22,2
3DC8FCD2-2B4A-4431-86B2-00479049BAB6,52,2
3DF4EBBE-D6F9-408A-82B9-B1BFE03E9278,2,3
3DF4EBBE-D6F9-408A-82B9-B1BFE03E9278,35,3
3DFA1BAC-0E35-4385-BE99-42679D9C01B6,47,3
3DFA1BAC-0E35-4385-BE99-42679D9C01B6,63,3
3DFB3508-C3B7-4212-A0A5-2FA59A286DD5,1,3
3DFB3508-C3B7-4212-A0A5-2FA59A286DD5,5,3
3DFB3508-C3B7-4212-A0A5-2FA59A286DD5,27,3
3DFD95E4-2502-4724-93CF-7D80F9FE9F6F,6,2
3DFD95E4-2502-4724-93CF-7D80F9FE9F6F,43,2
3E088F24-6178-424A-9E2E-910AA0B0A77A,3,3
3E088F24-6178-424A-9E2E-910AA0B0A77A,5,3
3E088F24-6178-424A-9E2E-910AA0B0A77A,7,3
3E088F24-6178-424A-9E2E-910AA0B0A77A,8,3
3E088F24-6178-424A-9E2E-910AA0B0A77A,15,0
3e720a00-f261-45de-b9c8-de6f62879c89,6,0
3e720a00-f261-45de-b9c8-de6f62879c89,18,0
3e720a00-f261-45de-b9c8-de6f62879c89,67,0
3EABA074-B697-422C-A873-0CA41037438C,33,3
3ED51E23-1B22-46C9-BDC1-9808F1939FDB,11,3
3ee50b8b-5f2a-4ffc-b9a6-a826b462b784,1,
3ee50b8b-5f2a-4ffc-b9a6-a826b462b784,7,2
3ee50b8b-5f2a-4ffc-b9a6-a826b462b784,34,3
3ee50b8b-5f2a-4ffc-b9a6-a826b462b784,46,3
3F3A7D16-EF30-4F7A-B9A1-019BC0F95CC9,39,2
3F3A7D16-EF30-4F7A-B9A1-019BC0F95CC9,55,0
3F52225F-440E-45C2-9DFF-13088EF74649,7,3
3F52225F-440E-45C2-9DFF-13088EF74649,20,3
3F52225F-440E-45C2-9DFF-13088EF74649,27,3
3f5b36bc-8b02-466e-98d1-b91690cb6c13,11,3
3f5b36bc-8b02-466e-98d1-b91690cb6c13,17,1
3F79B691-92BB-4343-836D-A943E80A8D1D,4,1
3F79B691-92BB-4343-836D-A943E80A8D1D,11,2
3F79B691-92BB-4343-836D-A943E80A8D1D,38,2
3FB75CAF-9342-48B6-93A8-60EE51AB161D,4,3
3FBAA208-83FB-4BC6-A927-EB1D858C7DE9,6,0
3FBAA208-83FB-4BC6-A927-EB1D858C7DE9,10,0
3FBAA208-83FB-4BC6-A927-EB1D858C7DE9,11,0
3FBAA208-83FB-4BC6-A927-EB1D858C7DE9,13,0
3FBAA208-83FB-4BC6-A927-EB1D858C7DE9,32,2
3fc0bc28-ec86-4259-addc-7513268a12b4,1,2
3fc0bc28-ec86-4259-addc-7513268a12b4,78,2
3FCECB8E-7416-4D26-8AF1-9E17B225B854,53,2
3FDBCA92-D256-4C11-9043-3FDA7246562C,75,3
3FDD2B00-9A9E-49C2-B79F-E0ABE084D28F,46,3
3FE3F7A9-77C1-48E5-A09E-55C6DA04520F,6,3
3FE3F7A9-77C1-48E5-A09E-55C6DA04520F,11,3
3FE3F7A9-77C1-48E5-A09E-55C6DA04520F,22,3
3FE3F7A9-77C1-48E5-A09E-55C6DA04520F,36,3
3FE3F7A9-77C1-48E5-A09E-55C6DA04520F,39,3
4000C187-E5FF-41C5-B402-7A2F3EAF4B24,82,2
4000C187-E5FF-41C5-B402-7A2F3EAF4B24,137,2
4000C187-E5FF-41C5-B402-7A2F3EAF4B24,154,2
4061BDF1-3624-48F1-82DE-F3BB70AE7AED,9,0
40959B1D-148B-42AA-90C1-0E66133A7415,2,3
40959B1D-148B-42AA-90C1-0E66133A7415,3,3
40959B1D-148B-42AA-90C1-0E66133A7415,5,0
40959B1D-148B-42AA-90C1-0E66133A7415,8,3
40959B1D-148B-42AA-90C1-0E66133A7415,14,3
40959B1D-148B-42AA-90C1-0E66133A7415,28,0
40959B1D-148B-42AA-90C1-0E66133A7415,29,0
40959B1D-148B-42AA-90C1-0E66133A7415,34,0
40959B1D-148B-42AA-90C1-0E66133A7415,41,0
40A6D0E5-733B-4559-8902-0AE4C2C54FB3,1,2
40ABF9C0-C89E-4B4A-9B28-B5287FE39191,78,2
40ABF9C0-C89E-4B4A-9B28-B5287FE39191,83,2
40CA36FE-DE37-42DE-9771-9F3DF61658FB,5,3
40CA36FE-DE37-42DE-9771-9F3DF61658FB,34,3
40CF08ED-60FA-4554-8FB2-8EA67074BF04,59,3
40D9712F-675F-4BCE-AD1D-0650C6997B85,3,3
40fa00c8-7c08-47c7-9d47-fd5dd3af96fe,17,4
40fa00c8-7c08-47c7-9d47-fd5dd3af96fe,45,4
40fa00c8-7c08-47c7-9d47-fd5dd3af96fe,53,4
40fa00c8-7c08-47c7-9d47-fd5dd3af96fe,81,4
411a51d0-bdbb-4755-a579-f99418b2fdea,70,3
411a51d0-bdbb-4755-a579-f99418b2fdea,147,2
41475499-E544-4301-8DCA-7B6534E747AF,5,3
41475499-E544-4301-8DCA-7B6534E747AF,40,3
4149d950-7ba4-4785-94a3-50e378991345,344,3
415B6B24-1D84-440C-9980-11036FD6F67C,18,2
415E62BA-73E3-4CA2-81EE-ECD7F1807313,62,2
41D2CE8F-C889-48D5-BFA8-8FD93DB34667,28,2
41D9D7C1-47AC-4DBB-834E-99C24D04F7FD,4,3
41D9D7C1-47AC-4DBB-834E-99C24D04F7FD,6,3
41D9D7C1-47AC-4DBB-834E-99C24D04F7FD,25,3
41D9D7C1-47AC-4DBB-834E-99C24D04F7FD,32,3
41DDFB91-F481-4A57-B75F-0C8D4BD8A184,38,3
41DDFB91-F481-4A57-B75F-0C8D4BD8A184,42,3
41DDFB91-F481-4A57-B75F-0C8D4BD8A184,51,3
41DDFB91-F481-4A57-B75F-0C8D4BD8A184,65,3
41E476B0-E65A-4054-9AE8-406DE5041894,2,1
41E476B0-E65A-4054-9AE8-406DE5041894,7,2
41E476B0-E65A-4054-9AE8-406DE5041894,19,3
41EB2411-276F-4FF4-A7AD-FEC75CD7234D,4,2
41EB2411-276F-4FF4-A7AD-FEC75CD7234D,6,2
41EB2411-276F-4FF4-A7AD-FEC75CD7234D,30,2
41EB2411-276F-4FF4-A7AD-FEC75CD7234D,32,2
41FABF8E-C69D-4E86-A803-2007050D52B2,70,3
423a780e-dad8-4c4e-8e21-dc0420cb1002,25,3
424528D0-4F4D-4925-B339-DE8DFB122FAD,5,3
424528D0-4F4D-4925-B339-DE8DFB122FAD,8,3
424528D0-4F4D-4925-B339-DE8DFB122FAD,14,3
4278D597-7495-44BF-9021-490031560358,6,2
4278D597-7495-44BF-9021-490031560358,11,2
4278D597-7495-44BF-9021-490031560358,32,2
42839DB9-0BD5-4930-8556-F3123A933539,1,3
42839DB9-0BD5-4930-8556-F3123A933539,14,3
42839DB9-0BD5-4930-8556-F3123A933539,20,3
42839DB9-0BD5-4930-8556-F3123A933539,23,3
42839DB9-0BD5-4930-8556-F3123A933539,26,3
42839DB9-0BD5-4930-8556-F3123A933539,28,3
42C2B3D9-012D-44E9-B8FF-BB4CE153B1BD,36,3
43011df9-06fb-4923-b116-7c61a73559c3,60,3
4331FB4B-1072-4C18-8EA5-5D5F7F408460,11,3
433AFCEE-71DE-414F-9868-99A1D8192962,7,2
433AFCEE-71DE-414F-9868-99A1D8192962,14,2
433AFCEE-71DE-414F-9868-99A1D8192962,26,2
433AFCEE-71DE-414F-9868-99A1D8192962,58,2
43540bcc-9fda-4946-bd51-76a9cf240551,17,3
43540bcc-9fda-4946-bd51-76a9cf240551,59,3
4378DC3E-3552-477D-986D-4D9168D77F6C,26,3
4378DC3E-3552-477D-986D-4D9168D77F6C,34,3
4378DC3E-3552-477D-986D-4D9168D77F6C,41,3
4378DC3E-3552-477D-986D-4D9168D77F6C,46,3
4378DC3E-3552-477D-986D-4D9168D77F6C,49,3
43874A92-11FE-4A47-894C-887F842D9A90,8,3
43874A92-11FE-4A47-894C-887F842D9A90,14,3
438D9111-D241-4234-BE8F-CC1D3023D25E,4,3
438D9111-D241-4234-BE8F-CC1D3023D25E,12,3
438D9111-D241-4234-BE8F-CC1D3023D25E,22,3
438D9111-D241-4234-BE8F-CC1D3023D25E,25,3
43E0E2E8-E951-40AB-AB55-B26F67AF2647,4,3
441B76BF-302F-49A2-ACCF-7F1FC89AB1F6,77,2
4443E40D-C977-4151-AF07-48B5A339122F,14,3
4443E40D-C977-4151-AF07-48B5A339122F,23,3
444CFF9B-AD81-49B2-AA78-FA7CC3819DE2,9,3
445D8AA5-F3DB-425C-A6AC-F3400761B68C,2,3
445D8AA5-F3DB-425C-A6AC-F3400761B68C,21,3
445D8AA5-F3DB-425C-A6AC-F3400761B68C,27,3
445D8AA5-F3DB-425C-A6AC-F3400761B68C,35,3
44A31835-684C-4EB1-B5E8-2A142B04D1DE,31,2
44BF48BD-7950-462D-9D45-70866DBE5C09,8,0
44BF48BD-7950-462D-9D45-70866DBE5C09,29,2
4504D2E3-CD73-419F-A3C2-07AFC782886A,25,2
4504D2E3-CD73-419F-A3C2-07AFC782886A,33,4
451174cd-5411-4ed1-9f8f-fb8727f5574c,33,6
451551F2-1FAA-4827-B7A1-FF9CDE60C6A6,18,3
451551F2-1FAA-4827-B7A1-FF9CDE60C6A6,30,3
4536D661-4EB9-4230-BACF-94F4985D1DBF,15,3
455623E1-D95D-47E2-A227-CD7B571319BC,4,2
455623E1-D95D-47E2-A227-CD7B571319BC,16,2
455623E1-D95D-47E2-A227-CD7B571319BC,25,2
4559B41A-55B4-4DDB-9B57-E3DE76D70803,20,3
4559B41A-55B4-4DDB-9B57-E3DE76D70803,37,3
45756544-7F73-483A-B292-DF88FE74EBCA,6,3
45756544-7F73-483A-B292-DF88FE74EBCA,39,3
458DBEDA-6225-4427-83AE-A694FA46EF38,5,3
458DBEDA-6225-4427-83AE-A694FA46EF38,85,2
45B3FFC0-DA50-416F-8FB5-52F84312EAE2,2,3
45B3FFC0-DA50-416F-8FB5-52F84312EAE2,49,3
45C5D582-D8B1-4E5B-B7C9-E9A2F0B99B07,13,2
45D68EC3-79F4-4299-AAD6-D970C2DD34CA,14,2
45D68EC3-79F4-4299-AAD6-D970C2DD34CA,28,2
45E35FC0-FFD9-41C0-BBB1-681656A80D0D,35,2
46186094-57C5-458C-8562-927E4D8FCDC2,21,2
46186094-57C5-458C-8562-927E4D8FCDC2,37,2
461C8057-DE3D-420B-8A12-609A20F98F1A,5,3
461C8057-DE3D-420B-8A12-609A20F98F1A,8,3
46278002-AE94-43DC-8449-FC09B47029B1,17,3
46278002-AE94-43DC-8449-FC09B47029B1,25,3
46278002-AE94-43DC-8449-FC09B47029B1,30,3
466226A2-8EBC-45CE-92CF-3D9A802D0A7E,4,0
466226A2-8EBC-45CE-92CF-3D9A802D0A7E,6,1
466226A2-8EBC-45CE-92CF-3D9A802D0A7E,9,0
466226A2-8EBC-45CE-92CF-3D9A802D0A7E,18,0
466226A2-8EBC-45CE-92CF-3D9A802D0A7E,22,2
46632048-E5CC-4901-BDA2-D6F2B554AB97,17,2
4697BBAB-CE02-4322-B9A0-D6C7CF02D46B,38,3
46CF5D76-D9DE-4F93-901B-7BA0C66F129A,18,3
46F68CBF-6360-4504-9F0D-07DB0FF21ABB,6,3
46F68CBF-6360-4504-9F0D-07DB0FF21ABB,33,3
46F68CBF-6360-4504-9F0D-07DB0FF21ABB,42,3
46F68CBF-6360-4504-9F0D-07DB0FF21ABB,45,3
46F68CBF-6360-4504-9F0D-07DB0FF21ABB,47,3
46FDCDD6-1745-458A-B80D-8D806E04345C,18,3
47246827-0F08-4C92-917A-94CE7DCC838B,33,3
473EA202-460F-4791-AA3C-AFC7CCE2FB74,6,3
473EA202-460F-4791-AA3C-AFC7CCE2FB74,9,6
473EA202-460F-4791-AA3C-AFC7CCE2FB74,45,3
4750A5E7-5C72-4899-8F2F-DF498D384866,12,3
4750A5E7-5C72-4899-8F2F-DF498D384866,25,3
4757A9BD-C413-4991-B502-C7E20C9A0B67,65,4
475af1ff-49ef-4cc9-9c53-37ceb01662c4,13,3
47936703-85A9-4F99-9EA4-0A39EDE91AAA,2,3
47AEFBDD-6B61-44B1-BC9D-44004AC7CAE9,5,0
47B31A2F-8266-4E10-8B79-2EDD06096B00,1,3
47B31A2F-8266-4E10-8B79-2EDD06096B00,15,3
47B31A2F-8266-4E10-8B79-2EDD06096B00,21,3
480298B3-CB3A-4B39-A38D-421B5AB10A81,2,3
480298B3-CB3A-4B39-A38D-421B5AB10A81,34,3
4845CB0A-7349-49E1-921B-7864055FF43F,8,2
4845CB0A-7349-49E1-921B-7864055FF43F,14,2
484D7F09-E275-4356-A3D5-C5680CA934ED,3,0
484D7F09-E275-4356-A3D5-C5680CA934ED,37,3
4851CB61-02DD-47DE-8D5C-236FA8719983,30,3
4851CB61-02DD-47DE-8D5C-236FA8719983,127,3
485E47FD-E617-437C-9A73-A404ED40AAAE,8,2
487E96E5-93E2-451A-8C2C-1E8E5294E1AA,37,1
4895A3EA-8869-41B4-B3F5-2BFEB51785F1,1,3
4895A3EA-8869-41B4-B3F5-2BFEB51785F1,7,3
48B20639-DCE4-49B5-B08C-795EA9106CFC,1,2
48B20639-DCE4-49B5-B08C-795EA9106CFC,7,3
48B20639-DCE4-49B5-B08C-795EA9106CFC,94,3
48c5f475-fd97-4b4d-82fc-7f2cc5bfd942,1,
48c5f475-fd97-4b4d-82fc-7f2cc5bfd942,78,3
48c5f475-fd97-4b4d-82fc-7f2cc5bfd942,196,3
48DF4FEC-5441-4E6E-9618-40E2D3F784D4,18,3
490A3284-DA59-4F8F-AB05-74C3DD8A2512,135,3
49175883-060d-444b-8c1e-d43ec3138efd,27,2
493921DC-2658-4A13-ADA0-F4B618C64B44,10,2
493921DC-2658-4A13-ADA0-F4B618C64B44,24,2
493921DC-2658-4A13-ADA0-F4B618C64B44,39,3
493921DC-2658-4A13-ADA0-F4B618C64B44,42,2
495B36F8-4587-4EE8-A73D-D27E7D25851E,29,2
4994AA4F-AAE9-436F-A358-C5C31009B823,34,3
49EC9085-20CF-4F5B-8ECC-1A5C863A72E8,1,2
4a21efb9-b200-495e-adc8-ce462a6136bc,55,2
4a21efb9-b200-495e-adc8-ce462a6136bc,80,1
4A57A068-DF8E-43C9-B019-BFDDD330107C,23,3
4A57A068-DF8E-43C9-B019-BFDDD330107C,61,0
4A57A068-DF8E-43C9-B019-BFDDD330107C,112,3
4A7BF8D2-6B0C-453F-A635-20DC02A80710,37,3
4A7DD44E-3E88-4809-99E7-96F46EEE5CB1,10,0
4A7DD44E-3E88-4809-99E7-96F46EEE5CB1,12,6
4AA1E9A1-B35F-44FD-BACD-23FCEF7253E1,23,2
4AA1E9A1-B35F-44FD-BACD-23FCEF7253E1,34,0
4AACF123-5B53-4BC9-9446-E5D7DED030A7,26,3
4ACCAD7C-0465-4633-9B2F-DADAD8884970,2,2
4ACCAD7C-0465-4633-9B2F-DADAD8884970,7,2
4ACCAD7C-0465-4633-9B2F-DADAD8884970,14,2
4AF4E21B-4B00-465E-9A07-A6C4A790C347,16,2
4AF4E21B-4B00-465E-9A07-A6C4A790C347,22,6
4AF4E21B-4B00-465E-9A07-A6C4A790C347,50,2
4B347715-21C8-4048-AB85-2FDFC0EEB57C,7,2
4b79dd8e-0185-48b6-bd02-1d5340b7dc12,16,2
4b79dd8e-0185-48b6-bd02-1d5340b7dc12,30,2
4B8340C3-2364-4835-AB88-B1F30EE43836,76,0
4BDB4766-9D46-49A1-A942-727F78304F11,9,1
4BDB4766-9D46-49A1-A942-727F78304F11,13,0
4C12120B-738A-4734-9982-EDBA0258DA96,1,3
4C14CF19-066D-40C7-B37D-CB226404B43D,22,3
4C14CF19-066D-40C7-B37D-CB226404B43D,53,3
4C2354B7-FA7B-4024-9EDE-971991A05D54,1,3
4C2354B7-FA7B-4024-9EDE-971991A05D54,5,3
4C2354B7-FA7B-4024-9EDE-971991A05D54,27,3
4C2354B7-FA7B-4024-9EDE-971991A05D54,34,3
4C47200C-7756-4FD1-86BF-BFD6BB55DBD4,12,3
4C47200C-7756-4FD1-86BF-BFD6BB55DBD4,30,3
4C80E4B3-F75F-45D3-B65E-F4E6D9E8BC8B,29,0
4C80E4B3-F75F-45D3-B65E-F4E6D9E8BC8B,35,0
4C80E4B3-F75F-45D3-B65E-F4E6D9E8BC8B,37,3
4C9450EE-AB36-40DD-8C59-76E34F0E8145,4,2
4C9450EE-AB36-40DD-8C59-76E34F0E8145,12,2
4C9450EE-AB36-40DD-8C59-76E34F0E8145,18,2
4cabe2d2-cf81-4365-bf21-600bbad7af68,22,2
4cabe2d2-cf81-4365-bf21-600bbad7af68,30,2
4ceece31-2c27-4521-bb75-92cad0f00de8,56,3
4CFD490E-DB39-4546-B2C4-35D8A619E206,21,6
4CFD490E-DB39-4546-B2C4-35D8A619E206,46,3
4D10CDF4-7F05-4D52-BD43-5696403FEECF,3,2
4D10CDF4-7F05-4D52-BD43-5696403FEECF,7,2
4D10CDF4-7F05-4D52-BD43-5696403FEECF,28,2
4D3091E2-330A-44C4-95D6-3C607685448F,4,3
4D3091E2-330A-44C4-95D6-3C607685448F,18,3
4D3091E2-330A-44C4-95D6-3C607685448F,24,3
4D3091E2-330A-44C4-95D6-3C607685448F,30,3
4D3091E2-330A-44C4-95D6-3C607685448F,32,3
4D5E5A9F-9DB1-41AF-8A4F-75A4D74CAA7F,2,3
4D63588E-3530-48B6-BBEF-F1A91D965078,13,1
4D7140AE-C74D-43CD-8757-0A2080F413C1,23,3
4D8C6A53-F752-49D4-8F79-08B995D3A12A,62,3
4DD44AC2-7B3E-4414-9BB1-5D0BDFCBEF38,22,2
4DD44AC2-7B3E-4414-9BB1-5D0BDFCBEF38,42,2
4DD44AC2-7B3E-4414-9BB1-5D0BDFCBEF38,64,2
4E15FAA5-CF41-45CC-93D5-A1C54CBED323,6,3
4E15FAA5-CF41-45CC-93D5-A1C54CBED323,12,3
4E15FAA5-CF41-45CC-93D5-A1C54CBED323,17,3
4E15FAA5-CF41-45CC-93D5-A1C54CBED323,18,3
4E15FAA5-CF41-45CC-93D5-A1C54CBED323,22,3
4E3C4632-9B3C-47A1-B792-0F166D966483,3,2
4E3C4632-9B3C-47A1-B792-0F166D966483,27,2
4E3C4632-9B3C-47A1-B792-0F166D966483,37,2
4E79410B-24D7-4E4E-913A-FF97619E0A32,1,3
4E79410B-24D7-4E4E-913A-FF97619E0A32,29,3
4EA2552F-833D-40F7-B3E1-12500EDDB3CA,23,3
4EA2552F-833D-40F7-B3E1-12500EDDB3CA,27,3
4EAE9B9A-B962-443E-848C-844B47FFA475,34,3
4EB8CE23-3170-4690-9342-184FCC63EABE,5,3
4EB8CE23-3170-4690-9342-184FCC63EABE,28,3
4EB8CE23-3170-4690-9342-184FCC63EABE,37,0
4ED72319-3329-41B1-AD34-BC55FDBC29F0,18,3
4EDBDD03-4AA1-4165-851D-9597AD8000E3,94,4
4EE337CD-B930-495B-8A3C-5394973772A1,16,3
4EE337CD-B930-495B-8A3C-5394973772A1,24,0
4F1A1CC0-1947-44A9-AC4C-08CAD9DEA159,12,2
4F1A1CC0-1947-44A9-AC4C-08CAD9DEA159,68,2
4F1F2283-9088-48F0-8B3C-63AFBB849F35,7,3
4F40A0E7-5277-4C41-ABA2-FE6C1BD163E5,49,1
4F40A0E7-5277-4C41-ABA2-FE6C1BD163E5,73,1
4F61A3B4-7F7D-41A2-A745-24AA15ABF8D2,12,3
4F61A3B4-7F7D-41A2-A745-24AA15ABF8D2,43,3
4F61A3B4-7F7D-41A2-A745-24AA15ABF8D2,47,3
4F6BC023-4917-45CB-A3A8-B796BCF4A054,3,3
4FD0A7D1-812B-47CC-A601-47C1B520B7FE,2,0
4FD0A7D1-812B-47CC-A601-47C1B520B7FE,7,0
4FD0A7D1-812B-47CC-A601-47C1B520B7FE,15,4
4FD0A7D1-812B-47CC-A601-47C1B520B7FE,20,2
4FE2D241-8D4F-414C-B197-0BAC49AE5399,30,3
5024E08F-B9CD-438A-B739-9E47287655B8,35,3
506C3AD5-E988-4DF9-BB00-8ADC9061FCBB,15,3
506FD703-7D3F-4691-95BC-8756A386C34C,3,3
506FD703-7D3F-4691-95BC-8756A386C34C,8,3
506FD703-7D3F-4691-95BC-8756A386C34C,19,3
506FD703-7D3F-4691-95BC-8756A386C34C,34,0
506FD703-7D3F-4691-95BC-8756A386C34C,41,3
507DEA0A-B3C6-4BCD-8533-B1FA0D97B03D,1,3
507DEA0A-B3C6-4BCD-8533-B1FA0D97B03D,15,3
5098F04A-B928-45E2-9C46-1362E723E2BD,37,3
5098F04A-B928-45E2-9C46-1362E723E2BD,40,3
5098F04A-B928-45E2-9C46-1362E723E2BD,41,3
509C909E-42E6-4EBB-964D-B96E79964FFC,11,3
509F93DE-C823-487E-89BB-94F7B9E647E9,32,3
509F93DE-C823-487E-89BB-94F7B9E647E9,53,3
5113D965-BA41-4364-B4F1-6CF0FDAF72C3,16,3
5113D965-BA41-4364-B4F1-6CF0FDAF72C3,42,3
51247FA6-8151-49EB-AC80-A2CA7FF85A28,5,3
51274D2F-C878-45C6-8D95-569B18E619CB,20,3
51274D2F-C878-45C6-8D95-569B18E619CB,40,3
51759e83-d515-4c02-9a1e-97c75ca07aa8,10,0
51759e83-d515-4c02-9a1e-97c75ca07aa8,18,3
51759e83-d515-4c02-9a1e-97c75ca07aa8,31,1
51759e83-d515-4c02-9a1e-97c75ca07aa8,33,1
51829FC7-573B-4C12-B75B-DD281A226044,4,3
51829FC7-573B-4C12-B75B-DD281A226044,9,3
51829FC7-573B-4C12-B75B-DD281A226044,25,3
51829FC7-573B-4C12-B75B-DD281A226044,44,3
51829FC7-573B-4C12-B75B-DD281A226044,51,3
51935EFB-BA95-4148-94F6-FB609C63F668,16,4
519AE20A-502B-43C1-A516-8B448F2A03E9,19,2
519AE20A-502B-43C1-A516-8B448F2A03E9,27,0
519AE20A-502B-43C1-A516-8B448F2A03E9,28,0
519AE20A-502B-43C1-A516-8B448F2A03E9,29,0
519AE20A-502B-43C1-A516-8B448F2A03E9,41,2
519AE20A-502B-43C1-A516-8B448F2A03E9,62,0
51A7BE8F-BA66-443D-B8CE-9DDEB5FDC447,6,3
51A7BE8F-BA66-443D-B8CE-9DDEB5FDC447,9,3
51A7BE8F-BA66-443D-B8CE-9DDEB5FDC447,13,3
51A7BE8F-BA66-443D-B8CE-9DDEB5FDC447,17,3
51A7BE8F-BA66-443D-B8CE-9DDEB5FDC447,39,3
51AC5156-B682-48EF-B8D4-0BFB9F47C8D5,2,1
51AC5156-B682-48EF-B8D4-0BFB9F47C8D5,7,1
51B3104D-7415-47DD-AB80-C8E8941F31CD,1,3
51B3104D-7415-47DD-AB80-C8E8941F31CD,35,3
51D0996C-2C1B-428A-9995-74BE479CA7C9,15,3
51D0996C-2C1B-428A-9995-74BE479CA7C9,71,3
51E3BF57-7E29-483A-A9BF-E01C78868407,48,0
521811A5-CB23-4368-B586-A123552BA489,10,2
523CD94F-72CF-4BE9-B9F0-737FE78BA58B,2,3
523CD94F-72CF-4BE9-B9F0-737FE78BA58B,8,3
52459F93-DEE0-4057-81EF-1301E749BA48,18,3
52459F93-DEE0-4057-81EF-1301E749BA48,25,0
52459F93-DEE0-4057-81EF-1301E749BA48,30,3
52459F93-DEE0-4057-81EF-1301E749BA48,36,3
524B491C-DF38-4841-BC8B-277643D7CDCA,26,0
52577F1E-0A05-4DFD-AD8F-947D4C90B360,7,3
527E5692-CA15-4A18-9577-B6D709110CF5,2,2
527E5692-CA15-4A18-9577-B6D709110CF5,7,2
527E5692-CA15-4A18-9577-B6D709110CF5,15,2
527E5692-CA15-4A18-9577-B6D709110CF5,21,2
527E5692-CA15-4A18-9577-B6D709110CF5,23,0
527E5692-CA15-4A18-9577-B6D709110CF5,40,2
527E5692-CA15-4A18-9577-B6D709110CF5,58,2
527F754F-9FAD-4EEC-8380-0CAC2FE6EF10,13,3
527F754F-9FAD-4EEC-8380-0CAC2FE6EF10,16,3
5280D032-4896-46B9-92D0-EE56FD78596B,24,2
5280D032-4896-46B9-92D0-EE56FD78596B,65,2
52BE04AF-CDF2-4228-AC85-75787EB89329,6,2
52BE04AF-CDF2-4228-AC85-75787EB89329,9,2
52BE04AF-CDF2-4228-AC85-75787EB89329,13,2
52BE04AF-CDF2-4228-AC85-75787EB89329,25,2
52C66AFA-4023-403C-BD23-47B9DB7C2320,71,3
52C8090C-D403-4870-92A7-B99894630CD4,28,4
52CD0790-38C5-4BEA-9FD8-5EC8D88584A2,25,2
52EEA67B-3045-4F36-8952-ECB0F982DB39,5,3
52FC5CB6-B7A6-451E-A29E-F86DCD089677,11,3
52FC5CB6-B7A6-451E-A29E-F86DCD089677,47,6
52FC5CB6-B7A6-451E-A29E-F86DCD089677,81,3
53135A25-5247-4F15-9995-E3552C967B35,2,3
53135A25-5247-4F15-9995-E3552C967B35,7,3
53135A25-5247-4F15-9995-E3552C967B35,15,3
53135A25-5247-4F15-9995-E3552C967B35,21,3
53135A25-5247-4F15-9995-E3552C967B35,26,3
531E1B31-36F9-43EC-A3C1-597F0C9A4FF8,43,2
531E1B31-36F9-43EC-A3C1-597F0C9A4FF8,59,2
531E1B31-36F9-43EC-A3C1-597F0C9A4FF8,64,2
533554BC-CFC4-4F5E-AC19-1BC003A1AEA8,8,3
533554BC-CFC4-4F5E-AC19-1BC003A1AEA8,23,3
533554BC-CFC4-4F5E-AC19-1BC003A1AEA8,37,3
534556F0-E570-4CC6-9565-D9C9F567ABDD,92,3
536177f2-11b4-4023-8baf-6469cf6c4609,9,2
536177f2-11b4-4023-8baf-6469cf6c4609,12,2
536177f2-11b4-4023-8baf-6469cf6c4609,13,0
536177f2-11b4-4023-8baf-6469cf6c4609,44,0
536177f2-11b4-4023-8baf-6469cf6c4609,45,0
536177f2-11b4-4023-8baf-6469cf6c4609,81,0
53ba0268-3786-435b-a801-1c77c993b351,17,2
53CE6B9A-A20E-478A-85D7-6402814DD574,23,3
53CE6B9A-A20E-478A-85D7-6402814DD574,26,3
53CE6B9A-A20E-478A-85D7-6402814DD574,35,3
53DB237E-1531-4AA9-8A1A-A87CBF41AB80,3,3
53DB237E-1531-4AA9-8A1A-A87CBF41AB80,27,3
53DB237E-1531-4AA9-8A1A-A87CBF41AB80,40,3
53FF5F8B-C0C0-4BA3-A156-D779A9DC8F9B,5,2
53FF5F8B-C0C0-4BA3-A156-D779A9DC8F9B,27,2
54103024-396C-4D07-B148-6A2CFA61A1F6,1,0
54103024-396C-4D07-B148-6A2CFA61A1F6,34,2
54383025-BD94-4A25-A772-968D745E0592,1,3
54383025-BD94-4A25-A772-968D745E0592,8,3
54383025-BD94-4A25-A772-968D745E0592,20,3
54495BF9-D5E1-48A6-8C76-68AE69AFAC44,13,3
5451C197-17E4-4712-8012-1140B06CF7D4,15,2
5451C197-17E4-4712-8012-1140B06CF7D4,29,2
5451C197-17E4-4712-8012-1140B06CF7D4,34,2
5453d938-1ae5-48c3-9add-fdea4b0a49aa,19,2
5453d938-1ae5-48c3-9add-fdea4b0a49aa,90,3
5461A749-369C-4943-AC33-EB8768F77725,4,3
5461A749-369C-4943-AC33-EB8768F77725,9,3
5461A749-369C-4943-AC33-EB8768F77725,22,3
5461A749-369C-4943-AC33-EB8768F77725,30,3
5461A749-369C-4943-AC33-EB8768F77725,32,3
5480E6F2-F477-4951-BB2E-A282A2C9F1B5,14,6
5480E6F2-F477-4951-BB2E-A282A2C9F1B5,20,4
548F5A49-0FD8-4DC5-B8E4-C98ECDEED3A2,2,2
5498ED0F-4FED-4C80-A0EF-CB88BC32F842,12,2
5498ED0F-4FED-4C80-A0EF-CB88BC32F842,18,2
54A8D78E-CE50-4BE5-80F5-C655116A148A,32,6
54EABCC0-53C5-4F4B-83FA-3A0AE9849C8E,2,2
54EABCC0-53C5-4F4B-83FA-3A0AE9849C8E,20,2
553BF5A2-CF93-44A4-A212-05C33313DA48,33,3
553BF5A2-CF93-44A4-A212-05C33313DA48,38,3
554f750f-58c5-4512-a88f-268c9619f39a,1,3
554f750f-58c5-4512-a88f-268c9619f39a,20,3
554f750f-58c5-4512-a88f-268c9619f39a,28,3
554f750f-58c5-4512-a88f-268c9619f39a,46,2
555d0a43-90be-49b0-bb68-72b4309d5e26,1,
555d0a43-90be-49b0-bb68-72b4309d5e26,27,3
555d0a43-90be-49b0-bb68-72b4309d5e26,73,3
556d4f13-5ac2-4968-b568-368f64f20a6f,24,1
556d4f13-5ac2-4968-b568-368f64f20a6f,128,1
556d4f13-5ac2-4968-b568-368f64f20a6f,185,1
5576C756-305C-40AA-A035-594D33BC4824,2,3
5576C756-305C-40AA-A035-594D33BC4824,7,3
5576C756-305C-40AA-A035-594D33BC4824,23,3
557852fb-23ee-4019-ae50-e43f2d6e9b03,15,2
55A7F8EC-10C3-4C78-826E-F94AF1C595EE,38,3
55A7F8EC-10C3-4C78-826E-F94AF1C595EE,44,3
55A7F8EC-10C3-4C78-826E-F94AF1C595EE,80,3
55a9fda8-9d87-4386-b9ee-2f7fbbb2d41d,7,3
55a9fda8-9d87-4386-b9ee-2f7fbbb2d41d,20,3
55a9fda8-9d87-4386-b9ee-2f7fbbb2d41d,34,3
55a9fda8-9d87-4386-b9ee-2f7fbbb2d41d,90,3
55a9fda8-9d87-4386-b9ee-2f7fbbb2d41d,106,4
55C8EF98-B4E2-4C66-BF2D-00D2EAC9B050,8,2
55C8EF98-B4E2-4C66-BF2D-00D2EAC9B050,23,0
5626D977-D954-4A06-8E4A-6CB7F803FE33,23,3
56856A22-A283-4506-A810-69CCB05055FA,19,3
56856A22-A283-4506-A810-69CCB05055FA,40,3
56B3F63E-C87F-47D6-8175-EA1874F82E7D,6,2
56B3F63E-C87F-47D6-8175-EA1874F82E7D,31,2
56B3F63E-C87F-47D6-8175-EA1874F82E7D,45,2
56BE5491-E3FB-41F4-8520-D825967D3F59,5,3
56BE5491-E3FB-41F4-8520-D825967D3F59,7,2
56DD7115-C989-4E91-B4A0-D3D794B1F263,2,3
56DD7115-C989-4E91-B4A0-D3D794B1F263,8,3
5701A10E-4383-4D30-94D6-5962E826ED92,20,3
577AE5B7-4EE8-4A5F-8659-4810589C833D,24,3
578B1760-1D83-4625-B478-46646193A5FD,4,3
578B1760-1D83-4625-B478-46646193A5FD,12,3
578B1760-1D83-4625-B478-46646193A5FD,32,3
5798BB86-F821-47B5-90CA-0C0D9CB7F927,11,3
5798BB86-F821-47B5-90CA-0C0D9CB7F927,18,3
57BF17EB-C029-48C5-8B65-896E84DD89D8,16,2
57BF17EB-C029-48C5-8B65-896E84DD89D8,22,2
57BF17EB-C029-48C5-8B65-896E84DD89D8,32,2
57E71B9F-FF3E-414A-A2BA-40E38F62B7C1,40,2
5825F0B4-75FA-4645-9293-10490241890B,12,2
5825F0B4-75FA-4645-9293-10490241890B,22,2
583CF952-4C0D-4F87-809E-158A4C57D64A,15,3
583CF952-4C0D-4F87-809E-158A4C57D64A,20,3
583CF952-4C0D-4F87-809E-158A4C57D64A,28,3
58411BD4-077B-4FD4-B310-ABC446ECE8FD,2,2
58411BD4-077B-4FD4-B310-ABC446ECE8FD,19,2
58411BD4-077B-4FD4-B310-ABC446ECE8FD,29,2
58741AC8-C4D4-46E5-AD63-527E0B9DCB83,3,3
58741AC8-C4D4-46E5-AD63-527E0B9DCB83,28,3
58A60523-593F-419C-8C2F-C63C6229E6CA,8,3
58A60523-593F-419C-8C2F-C63C6229E6CA,28,3
58BB5561-6407-43F8-AFD2-1BEB11A68E43,2,3
58BB5561-6407-43F8-AFD2-1BEB11A68E43,8,2
58BB5561-6407-43F8-AFD2-1BEB11A68E43,14,3
58BB5561-6407-43F8-AFD2-1BEB11A68E43,21,3
58c96bf9-ca8c-4517-b635-072163b9d015,40,2
58c96bf9-ca8c-4517-b635-072163b9d015,56,2
58c96bf9-ca8c-4517-b635-072163b9d015,61,2
58F65AFF-3881-43EE-AAA7-6353B10A3618,27,3
5968E729-3C1E-4035-AB8C-E3A382F081A5,23,3
5968E729-3C1E-4035-AB8C-E3A382F081A5,46,4
596B7315-B7EB-42B6-B589-1F6A66AEAE9C,28,3
597F2364-555D-46C1-A3D2-5369E46F104E,8,3
599cb6da-55c0-4987-a504-1666faf1a3ff,1,2
599cb6da-55c0-4987-a504-1666faf1a3ff,19,2
599cb6da-55c0-4987-a504-1666faf1a3ff,28,2
599cb6da-55c0-4987-a504-1666faf1a3ff,69,2
59B63530-1175-4EFE-992C-8F008516DDDE,35,3
59C91E71-535C-44BB-8A45-99931CA44D13,54,3
5A0B8F0B-A236-403C-BAFB-0BD78864FAB1,25,2
5A3B04D6-8FEB-4789-A765-EA1A10182EB2,7,1
5A3B04D6-8FEB-4789-A765-EA1A10182EB2,8,1
5A3B04D6-8FEB-4789-A765-EA1A10182EB2,15,1
5A3B04D6-8FEB-4789-A765-EA1A10182EB2,29,1
5A3B04D6-8FEB-4789-A765-EA1A10182EB2,40,1
5A3B04D6-8FEB-4789-A765-EA1A10182EB2,46,1
5A3B04D6-8FEB-4789-A765-EA1A10182EB2,58,1
5A4AE026-0271-489A-8072-B927062D6B6D,5,3
5A4AE026-0271-489A-8072-B927062D6B6D,37,3
5a99f59d-acac-42fb-ac7a-c1292b51fafc,2,0
5a99f59d-acac-42fb-ac7a-c1292b51fafc,15,3
5a99f59d-acac-42fb-ac7a-c1292b51fafc,19,0
5a99f59d-acac-42fb-ac7a-c1292b51fafc,27,0
5AA6CE28-54DC-42A0-86C4-2DE70ED4B358,1,3
5AA6CE28-54DC-42A0-86C4-2DE70ED4B358,5,3
5AA6CE28-54DC-42A0-86C4-2DE70ED4B358,7,3
5AA6CE28-54DC-42A0-86C4-2DE70ED4B358,21,3
5AA6CE28-54DC-42A0-86C4-2DE70ED4B358,26,3
5AA6CE28-54DC-42A0-86C4-2DE70ED4B358,29,3
5AA6CE28-54DC-42A0-86C4-2DE70ED4B358,34,3
5AA6CE28-54DC-42A0-86C4-2DE70ED4B358,37,3
5abca285-7fca-46b0-bfb5-5ec04ec97b7e,1,1
5abca285-7fca-46b0-bfb5-5ec04ec97b7e,46,1
5abca285-7fca-46b0-bfb5-5ec04ec97b7e,110,1
5B119532-5A78-4B2D-98B4-DD81C7BEF097,8,3
5B119532-5A78-4B2D-98B4-DD81C7BEF097,41,3
5B5532FE-ADA7-489D-80D4-C9561EC1A927,23,3
5B5532FE-ADA7-489D-80D4-C9561EC1A927,26,3
5B5532FE-ADA7-489D-80D4-C9561EC1A927,29,3
5B5532FE-ADA7-489D-80D4-C9561EC1A927,34,3
5B63AD88-09D3-4D4E-9B41-5E49E53E2601,2,3
5B63AD88-09D3-4D4E-9B41-5E49E53E2601,8,3
5B63AD88-09D3-4D4E-9B41-5E49E53E2601,28,3
5B63AD88-09D3-4D4E-9B41-5E49E53E2601,35,3
5B90A721-292B-4753-B198-6F308CED3382,43,2
5B90A721-292B-4753-B198-6F308CED3382,59,2
5B90A721-292B-4753-B198-6F308CED3382,64,0
5BA3D566-9C27-403D-ABE6-E1626B4CCBB6,10,3
5BA3D566-9C27-403D-ABE6-E1626B4CCBB6,16,3
5BE4A924-A5FC-435F-9333-2589E944B9B2,29,2
5BE4A924-A5FC-435F-9333-2589E944B9B2,46,0
5BE4A924-A5FC-435F-9333-2589E944B9B2,79,2
5C08A566-D28E-4D56-8E34-A9A06F2D8B36,9,0
5C08A566-D28E-4D56-8E34-A9A06F2D8B36,10,0
5C08A566-D28E-4D56-8E34-A9A06F2D8B36,11,0
5C08A566-D28E-4D56-8E34-A9A06F2D8B36,31,0
5C08A566-D28E-4D56-8E34-A9A06F2D8B36,32,0
5C08A566-D28E-4D56-8E34-A9A06F2D8B36,39,3
5C24A92D-6F34-427D-BD81-AC360425AEF8,2,3
5C24A92D-6F34-427D-BD81-AC360425AEF8,34,3
5C27535F-04F6-4A51-BFC8-44A0F0C61D50,5,2
5C27535F-04F6-4A51-BFC8-44A0F0C61D50,15,2
5C27535F-04F6-4A51-BFC8-44A0F0C61D50,21,2
5C27535F-04F6-4A51-BFC8-44A0F0C61D50,34,2
5C27535F-04F6-4A51-BFC8-44A0F0C61D50,37,2
5C2A3954-BF2C-487F-8AF3-1293508024FE,12,2
5C5F8C1D-D8E0-4A18-BED7-56BD1417F564,25,1
5C5F8C1D-D8E0-4A18-BED7-56BD1417F564,38,1
5C5F8C1D-D8E0-4A18-BED7-56BD1417F564,39,1
5C5F8C1D-D8E0-4A18-BED7-56BD1417F564,42,1
5C5F8C1D-D8E0-4A18-BED7-56BD1417F564,52,1
5C5F8C1D-D8E0-4A18-BED7-56BD1417F564,119,1
5C5F8C1D-D8E0-4A18-BED7-56BD1417F564,127,1
5C5F8C1D-D8E0-4A18-BED7-56BD1417F564,144,1
5c70da40-9cbf-4ca5-9334-47375f33bd72,10,3
5c70da40-9cbf-4ca5-9334-47375f33bd72,11,3
5c70da40-9cbf-4ca5-9334-47375f33bd72,65,5
5c70da40-9cbf-4ca5-9334-47375f33bd72,104,0
5CBE7F53-73DE-4885-9D61-38468E8DA650,50,2
5CBE7F53-73DE-4885-9D61-38468E8DA650,123,2
5CEE8597-6D26-4C17-84D1-DE5C9FFF91FF,4,3
5CEE8597-6D26-4C17-84D1-DE5C9FFF91FF,9,3
5CEE8597-6D26-4C17-84D1-DE5C9FFF91FF,31,3
5D01EDB1-203E-44A7-A58D-419602FF4946,4,2
5D01EDB1-203E-44A7-A58D-419602FF4946,10,2
5D174940-494B-4B1D-9D5B-1A4F0C7B1EEA,18,3
5D174940-494B-4B1D-9D5B-1A4F0C7B1EEA,22,3
5D174940-494B-4B1D-9D5B-1A4F0C7B1EEA,24,3
5D473725-D7D1-4285-9290-01BA9516A843,12,2
5D473725-D7D1-4285-9290-01BA9516A843,24,2
5D473725-D7D1-4285-9290-01BA9516A843,30,2
5D497316-A92C-44BE-B84C-12F578247086,25,3
5D497316-A92C-44BE-B84C-12F578247086,31,3
5D572D63-C99F-4C8F-A9B9-5A4E65F58ED2,25,3
5d622dfc-c90d-4240-aaa5-df400381cd06,3,3
5d622dfc-c90d-4240-aaa5-df400381cd06,8,3
5d622dfc-c90d-4240-aaa5-df400381cd06,57,3
5D80244F-DB88-4F95-87D0-03810FA8EED3,3,4
5D80244F-DB88-4F95-87D0-03810FA8EED3,60,4
5D89DD7E-139C-4F8E-969B-AB8E50DB93B9,3,3
5D89DD7E-139C-4F8E-969B-AB8E50DB93B9,46,3
5D89DD7E-139C-4F8E-969B-AB8E50DB93B9,49,3
5D8F8568-8E8F-4C1A-AFC6-F683A436FC74,21,3
5D8F8568-8E8F-4C1A-AFC6-F683A436FC74,61,3
5DB24585-6A9F-48D7-BC2D-DFF5736F8779,11,3
5DB24585-6A9F-48D7-BC2D-DFF5736F8779,25,3
5DB24585-6A9F-48D7-BC2D-DFF5736F8779,31,3
5DCEFBE6-2A1E-4FE7-BCBB-D2C9A532E5A8,8,3
5DF36B4F-A2BF-4C8C-8393-1DD7C985DD3C,2,2
5DF36B4F-A2BF-4C8C-8393-1DD7C985DD3C,5,2
5DF36B4F-A2BF-4C8C-8393-1DD7C985DD3C,26,3
5DF36B4F-A2BF-4C8C-8393-1DD7C985DD3C,28,2
5E533142-41C6-4E1F-B6E5-B1C77C12984C,14,3
5e720326-5771-4054-82cf-9dba0b5c6b11,16,3
5e720326-5771-4054-82cf-9dba0b5c6b11,50,0
5e720326-5771-4054-82cf-9dba0b5c6b11,55,0
5e720326-5771-4054-82cf-9dba0b5c6b11,72,3
5e720326-5771-4054-82cf-9dba0b5c6b11,81,0
5ea01d3a-f6fc-482f-b7bf-ab41793902fb,1,
5ea01d3a-f6fc-482f-b7bf-ab41793902fb,20,6
5ea01d3a-f6fc-482f-b7bf-ab41793902fb,37,2
5EA2BCD5-2D8F-42AD-8727-6B6FB38B9F90,18,3
5EA2BCD5-2D8F-42AD-8727-6B6FB38B9F90,39,3
5EA2BCD5-2D8F-42AD-8727-6B6FB38B9F90,44,3
5EB86A65-3D8B-4D7A-BD03-5D145FFFD230,9,3
5EB86A65-3D8B-4D7A-BD03-5D145FFFD230,11,3
5EB86A65-3D8B-4D7A-BD03-5D145FFFD230,13,3
5F102CCB-7F4A-4BCA-AF0A-D83390537DAF,53,3
5F1472C6-CEDE-46A4-8418-0FC5D223A0B5,75,3
5F48ED3F-4B4C-44AA-81E9-2339057441EB,1,3
5F48ED3F-4B4C-44AA-81E9-2339057441EB,8,3
5F48ED3F-4B4C-44AA-81E9-2339057441EB,14,3
5F48ED3F-4B4C-44AA-81E9-2339057441EB,20,3
5F48ED3F-4B4C-44AA-81E9-2339057441EB,26,3
5F6585BE-8AC6-4A0D-AC97-8865C34814DD,41,3
5F6C44D1-1B5A-4B62-BDCE-CEBEFF17DDDC,33,3
5F6C44D1-1B5A-4B62-BDCE-CEBEFF17DDDC,43,3
5F71DCE5-3F4A-4596-943B-36D067BFC590,23,4
5F71DCE5-3F4A-4596-943B-36D067BFC590,28,4
60042830-d81f-4b02-bcef-7cf12d12c456,1,2
60042830-d81f-4b02-bcef-7cf12d12c456,21,2
6017556F-B240-4628-942A-1A563C47EFCF,5,0
6017556F-B240-4628-942A-1A563C47EFCF,14,0
6017556F-B240-4628-942A-1A563C47EFCF,74,0
6017556F-B240-4628-942A-1A563C47EFCF,76,0
60754D4F-6AFC-431D-AC68-C5DFF9C633BD,14,2
60754D4F-6AFC-431D-AC68-C5DFF9C633BD,58,0
60D360A9-F7FE-4C5C-8668-C03C55039366,21,3
60D360A9-F7FE-4C5C-8668-C03C55039366,61,3
60E017D3-6748-4F0B-9A4E-665183D92498,20,2
60FA86F9-2FB4-4A5A-9B5E-0A184D5FF0FA,2,1
60FA86F9-2FB4-4A5A-9B5E-0A184D5FF0FA,23,2
60FA86F9-2FB4-4A5A-9B5E-0A184D5FF0FA,28,2
60FCC9F6-C72F-451A-A485-B0709A933D1F,31,3
611E2046-8786-48D5-B33B-DE023D54332F,4,3
611E2046-8786-48D5-B33B-DE023D54332F,12,3
6157F552-918F-4ABC-A5E9-2802AC6D033B,25,3
6157F552-918F-4ABC-A5E9-2802AC6D033B,33,3
61599B83-DBD0-4205-9C66-C981BBA64DF5,153,3
6188AC3B-6196-4D6E-85B3-6251B71EF390,14,6
6188AC3B-6196-4D6E-85B3-6251B71EF390,19,6
6188AC3B-6196-4D6E-85B3-6251B71EF390,21,1
6188AC3B-6196-4D6E-85B3-6251B71EF390,23,1
6191F432-459E-4B4F-B4E4-898D005BFD93,9,0
6191F432-459E-4B4F-B4E4-898D005BFD93,11,1
6191F432-459E-4B4F-B4E4-898D005BFD93,13,0
61B179BF-1904-4683-B1B3-F0CBBB547745,1,2
61bda01b-651d-456f-ad08-25533f1328b6,12,0
61bda01b-651d-456f-ad08-25533f1328b6,22,0
61bda01b-651d-456f-ad08-25533f1328b6,36,0
61bda01b-651d-456f-ad08-25533f1328b6,64,0
61bda01b-651d-456f-ad08-25533f1328b6,109,3
61D031A3-C387-4987-9849-8E8C97B67B8A,30,3
61D031A3-C387-4987-9849-8E8C97B67B8A,70,3
61d3d6d1-17eb-435c-932f-2a0f853043b2,2,0
61d3d6d1-17eb-435c-932f-2a0f853043b2,73,0
61d3d6d1-17eb-435c-932f-2a0f853043b2,74,0
61d3d6d1-17eb-435c-932f-2a0f853043b2,78,0
61d3d6d1-17eb-435c-932f-2a0f853043b2,79,0
61d3d6d1-17eb-435c-932f-2a0f853043b2,90,0
621de970-1d24-457d-976d-610aed7e1ca2,8,3
62647D3E-56A5-4DEE-BF0F-590B5E9C4DD7,2,3
62647D3E-56A5-4DEE-BF0F-590B5E9C4DD7,8,3
626FB0C5-669F-495E-A3C7-FF187ADE00BE,11,3
626FB0C5-669F-495E-A3C7-FF187ADE00BE,17,3
626FB0C5-669F-495E-A3C7-FF187ADE00BE,39,3
626FB0C5-669F-495E-A3C7-FF187ADE00BE,42,3
626FB0C5-669F-495E-A3C7-FF187ADE00BE,50,3
629ba0b0-5747-4f4b-84f7-a711e4a5736f,11,2
629ba0b0-5747-4f4b-84f7-a711e4a5736f,30,2
629ba0b0-5747-4f4b-84f7-a711e4a5736f,48,6
629ba0b0-5747-4f4b-84f7-a711e4a5736f,122,2
62A78895-1DA7-45FC-AAD2-A691B75A6056,9,3
62AB192B-42CF-4CAB-9E0F-0AEA3A8446E6,11,3
62af1134-23d8-42aa-b916-eee65d523978,1,0
62af1134-23d8-42aa-b916-eee65d523978,56,0
62af1134-23d8-42aa-b916-eee65d523978,83,0
62af1134-23d8-42aa-b916-eee65d523978,149,0
62af1134-23d8-42aa-b916-eee65d523978,178,0
62CA3D66-D421-4D5B-B3DB-04544279F8C0,4,4
62CA3D66-D421-4D5B-B3DB-04544279F8C0,10,4
62CA3D66-D421-4D5B-B3DB-04544279F8C0,31,4
62CD4D6E-6ADF-40B9-A959-58F6B174F614,1,3
62CD4D6E-6ADF-40B9-A959-58F6B174F614,28,3
62CD4D6E-6ADF-40B9-A959-58F6B174F614,56,3
62CD4D6E-6ADF-40B9-A959-58F6B174F614,60,3
62E82976-30F1-4785-AF42-6620936F833C,9,3
62E82976-30F1-4785-AF42-6620936F833C,39,3
62FDB91E-22E9-43ED-96D2-C9F03A3A57C3,36,2
62FDB91E-22E9-43ED-96D2-C9F03A3A57C3,59,2
632ABEE1-B09D-4057-B431-21B04DFB50D5,2,2
634AE088-57DE-4ACA-9B50-1CB886D58C47,12,3
634AE088-57DE-4ACA-9B50-1CB886D58C47,43,3
6354E8B5-8538-452E-9D20-3B03E5BF817B,10,3
63A84F3E-82C6-42CD-B90D-DA517F551BC3,8,2
63A84F3E-82C6-42CD-B90D-DA517F551BC3,34,2
63A84F3E-82C6-42CD-B90D-DA517F551BC3,41,2
63AC18A9-F8E6-47E6-A8D4-048B5B05424C,17,3
63AC18A9-F8E6-47E6-A8D4-048B5B05424C,22,3
63AC18A9-F8E6-47E6-A8D4-048B5B05424C,52,3
63D60C09-B89E-413D-87D1-8CB77B3349E4,1,3
63EF03D2-4D34-4523-98A3-E0B586EB05C0,45,3
63EF03D2-4D34-4523-98A3-E0B586EB05C0,50,3
64273FD2-D094-4903-AA25-0649F6E1F247,3,3
64273FD2-D094-4903-AA25-0649F6E1F247,20,3
64273FD2-D094-4903-AA25-0649F6E1F247,26,3
644ED8DE-045B-4D72-85E2-EDF68CAF0616,22,3
646B7354-C389-402F-9850-C3667116B62F,12,3
64F1D707-4C4F-4716-9FEC-8F0D1A91688F,7,2
64FC2556-1DE7-44B1-B57B-B2FF757773F8,57,3
64FC2556-1DE7-44B1-B57B-B2FF757773F8,62,3
6507F067-FB65-4B1D-AD63-1B555BAA74EB,17,3
6507F067-FB65-4B1D-AD63-1B555BAA74EB,30,1
6507F067-FB65-4B1D-AD63-1B555BAA74EB,36,0
651bd13d-cabc-47da-bf68-a62fe21195dc,18,2
651bd13d-cabc-47da-bf68-a62fe21195dc,44,2
651bd13d-cabc-47da-bf68-a62fe21195dc,77,2
651bd13d-cabc-47da-bf68-a62fe21195dc,86,2
652B83D2-528B-4A24-AECB-DF88BCDAC0FC,47,4
652B83D2-528B-4A24-AECB-DF88BCDAC0FC,67,4
657676EF-E89C-439F-8A3F-A944F895C94E,22,3
65970390-EE28-4175-B786-FD43B2A0AAC6,2,3
65970390-EE28-4175-B786-FD43B2A0AAC6,20,3
65970390-EE28-4175-B786-FD43B2A0AAC6,41,3
65A5FC89-89D9-46B6-A33A-43D743E6B5C0,6,3
65A5FC89-89D9-46B6-A33A-43D743E6B5C0,10,0
65A5FC89-89D9-46B6-A33A-43D743E6B5C0,22,3
65FCA9FA-128A-47AD-9239-7F4261966D06,13,1
65FCA9FA-128A-47AD-9239-7F4261966D06,17,1
65FCA9FA-128A-47AD-9239-7F4261966D06,44,1
65FCA9FA-128A-47AD-9239-7F4261966D06,53,1
65FCA9FA-128A-47AD-9239-7F4261966D06,59,1
65FCA9FA-128A-47AD-9239-7F4261966D06,63,0
661026D4-3A03-4998-B001-C95ECCAEA73A,1,3
661026D4-3A03-4998-B001-C95ECCAEA73A,5,3
661026D4-3A03-4998-B001-C95ECCAEA73A,8,3
661026D4-3A03-4998-B001-C95ECCAEA73A,27,3
661026D4-3A03-4998-B001-C95ECCAEA73A,29,3
661279CA-28D0-48D9-921D-D30F35FBE571,12,3
661279CA-28D0-48D9-921D-D30F35FBE571,24,3
661279CA-28D0-48D9-921D-D30F35FBE571,54,3
664A755F-E560-45C8-B73D-5ABB68EA843C,5,0
664A755F-E560-45C8-B73D-5ABB68EA843C,15,3
664A755F-E560-45C8-B73D-5ABB68EA843C,20,3
664A755F-E560-45C8-B73D-5ABB68EA843C,27,0
664A755F-E560-45C8-B73D-5ABB68EA843C,40,3
667F6FEF-A685-4EC2-89F2-B77C7FD23F71,91,3
66F7DE97-6667-4160-9E2F-08D64F387B5F,2,2
66F7DE97-6667-4160-9E2F-08D64F387B5F,19,6
66F7DE97-6667-4160-9E2F-08D64F387B5F,23,6
66F7DE97-6667-4160-9E2F-08D64F387B5F,27,6
6704239A-9301-41F7-8B54-F3673ED87E15,13,2
6704239A-9301-41F7-8B54-F3673ED87E15,17,2
6704239A-9301-41F7-8B54-F3673ED87E15,22,4
6704239A-9301-41F7-8B54-F3673ED87E15,33,2
671305fe-fcd5-4f9d-bd1e-deaf2e32d140,1,
6715514E-6A05-4C72-B122-D0C986FC3EDC,11,3
6746ED20-2B99-4111-8B66-9C29CE3EFEE6,1,2
6746ED20-2B99-4111-8B66-9C29CE3EFEE6,19,2
6746ED20-2B99-4111-8B66-9C29CE3EFEE6,23,2
6746ED20-2B99-4111-8B66-9C29CE3EFEE6,28,2
67764FDA-E153-40F1-A8DE-7D0A6F271AEB,10,3
67764FDA-E153-40F1-A8DE-7D0A6F271AEB,45,3
677CC972-A421-455D-84C0-3AE897F4A182,9,3
677CC972-A421-455D-84C0-3AE897F4A182,32,3
677CC972-A421-455D-84C0-3AE897F4A182,38,3
67A10BCE-FC9F-4DAD-A4F2-541A66BE02EE,10,3
67BE5083-B414-4EC0-A8B9-926EDE1FFDCC,1,2
67BE5083-B414-4EC0-A8B9-926EDE1FFDCC,29,2
67BE5083-B414-4EC0-A8B9-926EDE1FFDCC,46,2
67C4ABFF-DF28-4198-B59B-56235FB0E47E,2,3
67C4ABFF-DF28-4198-B59B-56235FB0E47E,3,3
67C4ABFF-DF28-4198-B59B-56235FB0E47E,7,3
67C4ABFF-DF28-4198-B59B-56235FB0E47E,8,3
67C4ABFF-DF28-4198-B59B-56235FB0E47E,20,3
67C4ABFF-DF28-4198-B59B-56235FB0E47E,27,3
67C4ABFF-DF28-4198-B59B-56235FB0E47E,28,3
67CE5F15-FE11-4F3F-A427-BB8FC7BDD20C,15,6
67fbf141-a88e-41bf-bf51-96d18b51d139,95,3
68183513-0F03-40E8-9F68-425517A41DD6,5,2
68183513-0F03-40E8-9F68-425517A41DD6,27,2
68183513-0F03-40E8-9F68-425517A41DD6,40,2
68183513-0F03-40E8-9F68-425517A41DD6,73,2
681EEA97-71F5-4CE1-B5C0-7746B79CD4C8,10,3
682431DF-8B12-4C8C-8246-C6491A1C07C3,1,2
682431DF-8B12-4C8C-8246-C6491A1C07C3,5,2
682431DF-8B12-4C8C-8246-C6491A1C07C3,7,2
682431DF-8B12-4C8C-8246-C6491A1C07C3,41,2
684B2E39-C3E2-4817-8A83-37265B495222,7,3
684B2E39-C3E2-4817-8A83-37265B495222,14,3
684B2E39-C3E2-4817-8A83-37265B495222,21,3
684B2E39-C3E2-4817-8A83-37265B495222,41,3
68AC7B48-D508-495C-90CC-0AEBDDA57EDD,2,3
68AC7B48-D508-495C-90CC-0AEBDDA57EDD,8,3
68B3A5EF-1EBB-4DBC-A4FF-F8642EE52258,13,3
68BBF145-E484-4EDB-89B7-D005B146F72E,16,2
68E04B20-1439-43AB-A812-09AC192357D7,3,0
68E04B20-1439-43AB-A812-09AC192357D7,5,0
690703fb-a5ee-4f77-9db3-6034542666fc,15,3
69294303-B78B-4FF3-8A8B-74205A658BDE,11,2
69294303-B78B-4FF3-8A8B-74205A658BDE,22,2
69294303-B78B-4FF3-8A8B-74205A658BDE,44,2
6939401B-0EA1-48E6-B004-C979506DE077,2,3
6939401B-0EA1-48E6-B004-C979506DE077,14,3
6939401B-0EA1-48E6-B004-C979506DE077,26,3
693c0a96-8049-474c-a470-cba1314cff06,13,2
6954525A-6014-4FF1-AA88-4AE938EF55DE,4,2
6954525A-6014-4FF1-AA88-4AE938EF55DE,12,2
6962A728-3D85-4951-9669-D15E25D2E2A1,78,2
696910E3-9656-4504-946E-6254D33144EE,9,2
696910E3-9656-4504-946E-6254D33144EE,13,2
697EC3A9-71A9-4CF7-906F-873E0BB94C3C,24,3
69876A42-8641-41C6-AA53-08468D3C53F9,5,2
69A4422E-38DC-48E0-923E-A99E2C454572,26,0
69a74cd3-2748-43f1-833f-d661260dd2b3,6,0
69a74cd3-2748-43f1-833f-d661260dd2b3,42,0
69B948B7-F47D-4951-8C23-68E1C020F668,2,3
69B948B7-F47D-4951-8C23-68E1C020F668,5,3
69E74A76-D40A-4BC5-89D9-E0EAD9058994,1,2
69E74A76-D40A-4BC5-89D9-E0EAD9058994,8,2
6A6584E7-1A4D-45E5-8439-AB8C949E3BFF,17,2
6A6584E7-1A4D-45E5-8439-AB8C949E3BFF,25,2
6A6584E7-1A4D-45E5-8439-AB8C949E3BFF,32,2
6A6584E7-1A4D-45E5-8439-AB8C949E3BFF,44,2
6A6584E7-1A4D-45E5-8439-AB8C949E3BFF,52,2
6a797aab-f34b-43e7-9c28-c3877eec68f9,24,2
6a797aab-f34b-43e7-9c28-c3877eec68f9,38,2
6a797aab-f34b-43e7-9c28-c3877eec68f9,51,2
6a797aab-f34b-43e7-9c28-c3877eec68f9,80,2
6a797aab-f34b-43e7-9c28-c3877eec68f9,99,2
6A7D6BAD-A7DC-4F9C-924B-D4E04DDCF814,47,0
6A7E03C9-21B7-45BD-9CE1-E72FACFF879A,19,3
6A9E3287-FC73-4873-B7A1-1523F3CBAC46,4,0
6A9E3287-FC73-4873-B7A1-1523F3CBAC46,9,3
6A9E3287-FC73-4873-B7A1-1523F3CBAC46,10,0
6A9E3287-FC73-4873-B7A1-1523F3CBAC46,12,0
6A9E3287-FC73-4873-B7A1-1523F3CBAC46,31,3
6A9E3287-FC73-4873-B7A1-1523F3CBAC46,52,0
6B24DCC3-ED78-4763-B7B3-3C6AE411F36C,136,0
6B24DCC3-ED78-4763-B7B3-3C6AE411F36C,138,0
6B3AE30B-824E-4D95-A310-2F8BC4F818A1,2,2
6B3AE30B-824E-4D95-A310-2F8BC4F818A1,28,2
6b6622ec-c28e-400a-a159-cc1b6064672a,3,3
6b6622ec-c28e-400a-a159-cc1b6064672a,75,3
6BAE4BF9-155A-4CA4-990C-37209AE72F56,8,3
6BAE4BF9-155A-4CA4-990C-37209AE72F56,19,3
6BC68D78-4B0E-46A2-8ABA-C21C51C6050E,40,3
6BCDF400-5F99-4F4D-B268-56C6D727CF83,43,3
6BD106DE-C675-4177-A684-9F7B8A618E08,6,3
6BD106DE-C675-4177-A684-9F7B8A618E08,31,3
6C73CC19-EF10-43F9-BAE1-35522BC1CA6B,12,6
6C73CC19-EF10-43F9-BAE1-35522BC1CA6B,18,6
6C73CC19-EF10-43F9-BAE1-35522BC1CA6B,30,6
6C73CC19-EF10-43F9-BAE1-35522BC1CA6B,43,6
6C8A0AF3-DFC0-475C-9291-3DF5DD188A65,6,0
6C8A0AF3-DFC0-475C-9291-3DF5DD188A65,11,0
6CC918CC-9F1A-49E8-8B6C-A2B32A05445F,14,3
6CC918CC-9F1A-49E8-8B6C-A2B32A05445F,20,0
6CD1067C-64F7-49A1-9968-D29D07E669F4,20,3
6CD1067C-64F7-49A1-9968-D29D07E669F4,84,3
6CD1067C-64F7-49A1-9968-D29D07E669F4,108,3
6CD1067C-64F7-49A1-9968-D29D07E669F4,118,3
6CD1067C-64F7-49A1-9968-D29D07E669F4,139,3
6CE7F441-14CD-47E1-A4D1-CA420AA23EE1,20,3
6CE7F441-14CD-47E1-A4D1-CA420AA23EE1,23,3
6CEADFDF-2A32-4BDE-9B04-27CAE869740A,26,3
6CECABEC-986F-4140-AD38-5AC03CB94BD2,7,3
6CECABEC-986F-4140-AD38-5AC03CB94BD2,14,0
6CECABEC-986F-4140-AD38-5AC03CB94BD2,15,0
6CECABEC-986F-4140-AD38-5AC03CB94BD2,19,3
6CECABEC-986F-4140-AD38-5AC03CB94BD2,20,3
6CECABEC-986F-4140-AD38-5AC03CB94BD2,21,3
6CECABEC-986F-4140-AD38-5AC03CB94BD2,27,0
6CECABEC-986F-4140-AD38-5AC03CB94BD2,29,3
6CECABEC-986F-4140-AD38-5AC03CB94BD2,34,3
6CECABEC-986F-4140-AD38-5AC03CB94BD2,40,1
6CECABEC-986F-4140-AD38-5AC03CB94BD2,41,1
6D2BE769-02B4-4B86-9A3B-AD33D2FC906E,14,1
6D2BE769-02B4-4B86-9A3B-AD33D2FC906E,34,1
6D2BE769-02B4-4B86-9A3B-AD33D2FC906E,40,1
6D5CDFBC-3C00-45CC-B40C-32EE60BC7741,40,3
6D5CDFBC-3C00-45CC-B40C-32EE60BC7741,46,2
6D5E5D4C-7A87-4DCB-BD77-1787D7C690AC,83,3
6D5E5D4C-7A87-4DCB-BD77-1787D7C690AC,95,3
6D5E5D4C-7A87-4DCB-BD77-1787D7C690AC,110,3
6D6B234A-8874-4A22-94AD-FC071DCC6FD2,8,3
6D6B234A-8874-4A22-94AD-FC071DCC6FD2,26,4
6dc6601c-5be5-4e09-97ef-ffbc75918907,19,2
6dc6601c-5be5-4e09-97ef-ffbc75918907,41,2
6dc6601c-5be5-4e09-97ef-ffbc75918907,91,2
6E50952D-24DD-4B6D-A16A-0DB90E710280,6,3
6E50952D-24DD-4B6D-A16A-0DB90E710280,9,3
6E50952D-24DD-4B6D-A16A-0DB90E710280,36,3
6E50952D-24DD-4B6D-A16A-0DB90E710280,38,3
6E60B684-3BDD-4878-B145-6F8CB3D8DD3D,2,1
6E60B684-3BDD-4878-B145-6F8CB3D8DD3D,19,2
6E60B684-3BDD-4878-B145-6F8CB3D8DD3D,26,2
6E68477A-8EE8-403E-B87B-767142E1F500,9,2
6E68477A-8EE8-403E-B87B-767142E1F500,64,2
6E68477A-8EE8-403E-B87B-767142E1F500,99,2
6E8C713D-7765-493E-A7F3-5B946EF9EBCC,1,3
6E8C713D-7765-493E-A7F3-5B946EF9EBCC,15,3
6EA6174E-A466-4DFE-BAD4-0FE20A9D9D29,11,3
6EA6174E-A466-4DFE-BAD4-0FE20A9D9D29,12,3
6EA6174E-A466-4DFE-BAD4-0FE20A9D9D29,16,3
6EA6174E-A466-4DFE-BAD4-0FE20A9D9D29,48,0
6EA6174E-A466-4DFE-BAD4-0FE20A9D9D29,52,3
6EBD207A-9062-40E3-B48E-33936317EB3A,7,1
6EBD207A-9062-40E3-B48E-33936317EB3A,35,0
6EBD207A-9062-40E3-B48E-33936317EB3A,40,1
6EBD207A-9062-40E3-B48E-33936317EB3A,41,1
6ED80376-58AC-456C-9B79-D58F2038428A,14,2
6EE5F244-D697-4FAC-85C0-654D2C91F850,4,0
6EE5F244-D697-4FAC-85C0-654D2C91F850,6,2
6EE5F244-D697-4FAC-85C0-654D2C91F850,10,2
6EE5F244-D697-4FAC-85C0-654D2C91F850,38,0
6EE5F244-D697-4FAC-85C0-654D2C91F850,44,2
6EE5F244-D697-4FAC-85C0-654D2C91F850,50,2
6EE5F244-D697-4FAC-85C0-654D2C91F850,52,3
6EE5F244-D697-4FAC-85C0-654D2C91F850,66,2
6EE5F244-D697-4FAC-85C0-654D2C91F850,70,2
6EFEECD0-4D36-48F9-81AA-FA7389A59C29,59,3
6EFEECD0-4D36-48F9-81AA-FA7389A59C29,81,3
6EFEECD0-4D36-48F9-81AA-FA7389A59C29,87,3
6F113DB4-EC74-46E9-83B0-2A8209959BEA,57,3
6f64e646-dc77-41e4-ba98-050dc2d611fe,16,1
6f64e646-dc77-41e4-ba98-050dc2d611fe,17,1
6f64e646-dc77-41e4-ba98-050dc2d611fe,22,1
6f64e646-dc77-41e4-ba98-050dc2d611fe,24,1
6f64e646-dc77-41e4-ba98-050dc2d611fe,25,1
6fbe9f62-eb08-4389-b7f7-8f37ca5a3ee6,1,1
6f870497-fd89-40df-a5a8-f4094acf0c4d,4,5
6f870497-fd89-40df-a5a8-f4094acf0c4d,9,0
6f870497-fd89-40df-a5a8-f4094acf0c4d,16,0
6f870497-fd89-40df-a5a8-f4094acf0c4d,17,0
6f870497-fd89-40df-a5a8-f4094acf0c4d,30,0
6fbe9f62-eb08-4389-b7f7-8f37ca5a3ee6,19,1
6fbe9f62-eb08-4389-b7f7-8f37ca5a3ee6,35,1
6fbe9f62-eb08-4389-b7f7-8f37ca5a3ee6,49,2
6fbe9f62-eb08-4389-b7f7-8f37ca5a3ee6,96,1
6FF3D612-5B77-437A-B590-093724FD80B9,26,2
704DD4FB-F048-41E0-B017-91168BC98428,8,3
706F1A38-63F2-48B2-B429-03455D6D9DB5,2,3
706F1A38-63F2-48B2-B429-03455D6D9DB5,21,3
706F1A38-63F2-48B2-B429-03455D6D9DB5,27,3
706F1A38-63F2-48B2-B429-03455D6D9DB5,37,3
70B73DC3-42CE-422A-8C3B-D25C8A67667C,10,2
70B73DC3-42CE-422A-8C3B-D25C8A67667C,13,2
70B73DC3-42CE-422A-8C3B-D25C8A67667C,31,2
70C95912-06BE-4836-AADE-551BB19356C9,12,3
70D4A881-82AF-489E-A06B-D78040A64E39,11,1
70D4A881-82AF-489E-A06B-D78040A64E39,12,1
70D4A881-82AF-489E-A06B-D78040A64E39,16,1
70F2F6D9-DB9B-4A55-BD20-32002713B22B,21,3
70F2F6D9-DB9B-4A55-BD20-32002713B22B,46,3
7117CC67-FD45-4B11-BA3C-9A0DE124BEA6,2,0
7117CC67-FD45-4B11-BA3C-9A0DE124BEA6,3,0
7117CC67-FD45-4B11-BA3C-9A0DE124BEA6,8,0
7117CC67-FD45-4B11-BA3C-9A0DE124BEA6,15,0
7117CC67-FD45-4B11-BA3C-9A0DE124BEA6,27,0
7117CC67-FD45-4B11-BA3C-9A0DE124BEA6,28,0
7135974f-4082-4a9b-b8a8-a3c8dcd7e34f,56,3
7179D836-FFC5-4C99-95D3-5A148A568C17,12,3
7179D836-FFC5-4C99-95D3-5A148A568C17,32,3
71931C42-AB12-4354-BB74-C8D307055463,6,3
71931C42-AB12-4354-BB74-C8D307055463,11,3
71931C42-AB12-4354-BB74-C8D307055463,13,3
71931C42-AB12-4354-BB74-C8D307055463,50,3
71931C42-AB12-4354-BB74-C8D307055463,52,3
71D6E027-999B-4BF5-818C-EA4C573E3543,4,3
71D6E027-999B-4BF5-818C-EA4C573E3543,32,3
71D6E027-999B-4BF5-818C-EA4C573E3543,39,3
71DF8A21-57ED-4C43-84FB-BA63D1C0EFF7,6,3
71DF8A21-57ED-4C43-84FB-BA63D1C0EFF7,36,3
71EB6C58-6338-47A0-9F73-899BA412BD6F,4,2
71EB6C58-6338-47A0-9F73-899BA412BD6F,11,2
71EB6C58-6338-47A0-9F73-899BA412BD6F,16,2
71EB6C58-6338-47A0-9F73-899BA412BD6F,18,2
7220623E-C8F1-4AA5-985C-54EEFEE34D9F,15,3
7238C9F7-90F0-4312-AE35-DC4C9A3C817A,3,1
7238C9F7-90F0-4312-AE35-DC4C9A3C817A,5,1
7238C9F7-90F0-4312-AE35-DC4C9A3C817A,19,1
7238C9F7-90F0-4312-AE35-DC4C9A3C817A,23,0
7238C9F7-90F0-4312-AE35-DC4C9A3C817A,27,3
7238C9F7-90F0-4312-AE35-DC4C9A3C817A,28,0
7238C9F7-90F0-4312-AE35-DC4C9A3C817A,34,1
7238C9F7-90F0-4312-AE35-DC4C9A3C817A,35,1
7238C9F7-90F0-4312-AE35-DC4C9A3C817A,37,0
7238C9F7-90F0-4312-AE35-DC4C9A3C817A,40,0
7238C9F7-90F0-4312-AE35-DC4C9A3C817A,41,1
72492D24-73AB-4D2C-9D7D-82FD9045AA53,1,3
72492D24-73AB-4D2C-9D7D-82FD9045AA53,20,3
72492D24-73AB-4D2C-9D7D-82FD9045AA53,26,3
72688b3b-8b45-49f9-b221-a4a8cd52fb73,153,3
72900850-7FA4-4CC7-A143-76EE21A01C5C,34,1
72900850-7FA4-4CC7-A143-76EE21A01C5C,88,2
72989549-5499-4725-8510-202a6108a3a3,61,2
72989549-5499-4725-8510-202a6108a3a3,281,0
72989549-5499-4725-8510-202a6108a3a3,289,0
729E973B-BD3A-465C-9B68-FBE7054E108A,7,0
729E973B-BD3A-465C-9B68-FBE7054E108A,21,0
72CC28C8-15BF-4954-80B9-931DBEF685A7,24,3
72D318EA-D187-4A36-B29C-E2D1ABA72837,33,3
72D318EA-D187-4A36-B29C-E2D1ABA72837,52,3
72DEC57D-0BB6-4C5D-A280-2E42CD048C35,10,3
72DEC57D-0BB6-4C5D-A280-2E42CD048C35,12,3
72DEC57D-0BB6-4C5D-A280-2E42CD048C35,24,3
72DEC57D-0BB6-4C5D-A280-2E42CD048C35,30,3
72DEC57D-0BB6-4C5D-A280-2E42CD048C35,38,3
72EE2E1C-28C2-4AB2-BB2F-CC2F954A9E17,9,2
72EE2E1C-28C2-4AB2-BB2F-CC2F954A9E17,52,2
7347497a-1908-4213-9039-5153288bee16,20,1
7347497a-1908-4213-9039-5153288bee16,26,1
7347497a-1908-4213-9039-5153288bee16,28,1
7347497a-1908-4213-9039-5153288bee16,49,1
7347497a-1908-4213-9039-5153288bee16,58,1
73A90B4F-DAA4-4DD0-A463-80DB4921B47F,52,3
73B75060-F966-4CA2-B695-62C877A879CD,4,1
73B75060-F966-4CA2-B695-62C877A879CD,10,1
73B75060-F966-4CA2-B695-62C877A879CD,12,1
73B75060-F966-4CA2-B695-62C877A879CD,24,0
73B75060-F966-4CA2-B695-62C877A879CD,31,1
73B75060-F966-4CA2-B695-62C877A879CD,33,1
73B75060-F966-4CA2-B695-62C877A879CD,36,0
73B75060-F966-4CA2-B695-62C877A879CD,38,3
73B75060-F966-4CA2-B695-62C877A879CD,39,3
73B75060-F966-4CA2-B695-62C877A879CD,43,1
73B75060-F966-4CA2-B695-62C877A879CD,44,0
73CDB49D-A5B2-4069-9A8A-63B97BD02772,9,2
7437C772-0B49-435B-8BB5-DA860B077502,7,3
7437C772-0B49-435B-8BB5-DA860B077502,19,3
7437C772-0B49-435B-8BB5-DA860B077502,27,3
743D8B1D-3DB4-4B98-97E7-643F6C4BF75D,11,2
743D8B1D-3DB4-4B98-97E7-643F6C4BF75D,52,2
7443E119-B4FA-4BF3-935F-38E308B3C64E,2,3
7443E119-B4FA-4BF3-935F-38E308B3C64E,20,3
745E4ABB-03F8-4F81-A864-5D814E30D0F5,36,2
745E4ABB-03F8-4F81-A864-5D814E30D0F5,54,2
745E4ABB-03F8-4F81-A864-5D814E30D0F5,113,2
748D2F36-A209-421B-8534-ED5F94E7D67A,18,3
748D2F36-A209-421B-8534-ED5F94E7D67A,52,3
748D2F36-A209-421B-8534-ED5F94E7D67A,59,3
749F56D8-5BBE-43B1-9DA1-2D9477E3977F,16,4
749F56D8-5BBE-43B1-9DA1-2D9477E3977F,55,4
74da9aa0-e3be-4f96-bb88-0dc600d1b7ec,18,0
74E08580-0CD1-4AE7-80F2-117EA98C95B2,7,3
751602D3-E2F2-4B28-B34C-5462E852F115,2,2
751602D3-E2F2-4B28-B34C-5462E852F115,21,2
751602D3-E2F2-4B28-B34C-5462E852F115,29,0
751602D3-E2F2-4B28-B34C-5462E852F115,34,2
751602D3-E2F2-4B28-B34C-5462E852F115,35,2
751602D3-E2F2-4B28-B34C-5462E852F115,40,2
755D2D00-D895-4A0D-834F-ECC03448958D,2,2
75899D73-4126-48CD-A55F-BBC5BC80B2A2,11,3
75899D73-4126-48CD-A55F-BBC5BC80B2A2,32,3
75899D73-4126-48CD-A55F-BBC5BC80B2A2,39,3
75C76643-8F6A-4EAB-A7E3-89C64C5B99C1,2,3
75C76643-8F6A-4EAB-A7E3-89C64C5B99C1,8,3
75cd1ccc-ffaf-4a02-8b31-228e8db68de9,18,1
75cd1ccc-ffaf-4a02-8b31-228e8db68de9,44,2
75cd1ccc-ffaf-4a02-8b31-228e8db68de9,64,5
75cd1ccc-ffaf-4a02-8b31-228e8db68de9,111,1
75cd1ccc-ffaf-4a02-8b31-228e8db68de9,135,2
75E2EA1C-0A01-48C4-AEB3-F08786D1A232,13,3
75E2EA1C-0A01-48C4-AEB3-F08786D1A232,39,3
75E2EA1C-0A01-48C4-AEB3-F08786D1A232,65,3
75E2EA1C-0A01-48C4-AEB3-F08786D1A232,104,3
75E2EA1C-0A01-48C4-AEB3-F08786D1A232,173,3
75f31177-39d4-4740-a7d4-789887d6f065,9,0
75f31177-39d4-4740-a7d4-789887d6f065,22,1
75f31177-39d4-4740-a7d4-789887d6f065,24,0
75f31177-39d4-4740-a7d4-789887d6f065,30,0
75f31177-39d4-4740-a7d4-789887d6f065,33,0
75f31177-39d4-4740-a7d4-789887d6f065,42,0
75f31177-39d4-4740-a7d4-789887d6f065,45,0
75f31177-39d4-4740-a7d4-789887d6f065,52,0
764F25D0-5C2E-4743-98C4-C1F0B5404FCD,3,2
764F25D0-5C2E-4743-98C4-C1F0B5404FCD,21,2
764F25D0-5C2E-4743-98C4-C1F0B5404FCD,26,0
764F25D0-5C2E-4743-98C4-C1F0B5404FCD,46,2
7662dcb6-04f3-4457-b869-11dfbd93cd39,19,0
7683F3BE-7B0E-455B-93BD-C42C97D28164,47,3
76A801E5-B6FA-4927-80DD-6980B4B746D5,22,2
76BFCD59-B369-470A-ACBA-6E236AEDB384,2,6
76BFCD59-B369-470A-ACBA-6E236AEDB384,8,2
76BFCD59-B369-470A-ACBA-6E236AEDB384,26,2
76BFCD59-B369-470A-ACBA-6E236AEDB384,28,2
7752ACE3-C5AD-4E0C-A73A-B81DD0B39285,16,2
7752ACE3-C5AD-4E0C-A73A-B81DD0B39285,173,2
779811CF-BAB2-4BEA-9B3A-439F7BC1E6E7,14,2
779811CF-BAB2-4BEA-9B3A-439F7BC1E6E7,20,2
779811CF-BAB2-4BEA-9B3A-439F7BC1E6E7,41,2
77B279A1-F9E5-42CD-93A4-1BBD1A5CE9F2,23,3
77CDE478-FCA4-43E3-AA1C-59DEF13702DA,29,2
77D77166-71DC-448E-8104-1631CDF6FAD2,9,3
77E8CEE8-19E2-4F32-8F61-55A9EA25B08C,4,3
77E8CEE8-19E2-4F32-8F61-55A9EA25B08C,10,3
77E8CEE8-19E2-4F32-8F61-55A9EA25B08C,18,3
77E8CEE8-19E2-4F32-8F61-55A9EA25B08C,39,3
77f94d47-400b-4752-96d4-48f7ee7a9c10,9,1
77f94d47-400b-4752-96d4-48f7ee7a9c10,87,1
7844E67F-A698-408A-BAA3-797C5AFAECCD,9,3
7844E67F-A698-408A-BAA3-797C5AFAECCD,39,3
78604F4C-C748-4BD7-93DE-AA1A4F1157E6,5,3
78604F4C-C748-4BD7-93DE-AA1A4F1157E6,7,3
78604F4C-C748-4BD7-93DE-AA1A4F1157E6,28,2
78ACB3B8-F82A-4AAE-AEC3-ACB000E92F65,36,3
78BC4C21-2E93-4369-8ACA-6F451BB67239,1,2
78BC4C21-2E93-4369-8ACA-6F451BB67239,15,2
78BC4C21-2E93-4369-8ACA-6F451BB67239,34,2
78D70E0B-41FD-4311-B58F-12B6D897733E,5,0
78D70E0B-41FD-4311-B58F-12B6D897733E,15,0
78D70E0B-41FD-4311-B58F-12B6D897733E,20,3
78D70E0B-41FD-4311-B58F-12B6D897733E,37,0
78DE32CF-B843-4C95-A93A-A5E88777361E,8,3
78f4ad8f-e548-4cce-8c37-c7164bb88993,329,3
78f4ad8f-e548-4cce-8c37-c7164bb88993,349,3
78f4ad8f-e548-4cce-8c37-c7164bb88993,560,3
7910BB5E-312A-4F28-8AC9-4D3D23DF554C,6,0
7910BB5E-312A-4F28-8AC9-4D3D23DF554C,12,2
7910BB5E-312A-4F28-8AC9-4D3D23DF554C,13,2
7910BB5E-312A-4F28-8AC9-4D3D23DF554C,17,2
7910BB5E-312A-4F28-8AC9-4D3D23DF554C,18,2
7910BB5E-312A-4F28-8AC9-4D3D23DF554C,22,6
7910BB5E-312A-4F28-8AC9-4D3D23DF554C,33,3
7918C8E0-FCB3-404F-81A8-868DE4CF249B,6,1
7918C8E0-FCB3-404F-81A8-868DE4CF249B,18,2
794DE7ED-9D0F-4976-852F-493259431E0F,38,3
798D50E4-BBA5-4DE7-9677-FDEB0254E416,37,2
7991D1AA-686D-474C-BEEB-4D95DC97D640,22,3
7995EA42-62A0-43EE-A914-2139519C0F5F,13,3
79BFE7DF-13D5-4F3A-8BE7-515BDF7811F4,7,3
79D9F20A-1579-4CD5-A8E9-D2AA97621AF7,6,3
79F798BD-2C08-4592-BA87-50B1B22C7E2F,4,3
79F798BD-2C08-4592-BA87-50B1B22C7E2F,11,2
79F798BD-2C08-4592-BA87-50B1B22C7E2F,36,3
7A16904C-82B0-487B-8B85-AD691731A67F,2,2
7A17E055-3DD2-4FAB-97F6-265200612FA8,29,0
7A48550D-6D02-4125-BB35-93E492D293D5,21,3
7A48550D-6D02-4125-BB35-93E492D293D5,34,3
7A4C4719-F380-4D27-B822-E5F25446E913,1,3
7A4C4719-F380-4D27-B822-E5F25446E913,29,3
7A4C4719-F380-4D27-B822-E5F25446E913,71,3
7A505449-BCC3-4A15-9B27-B9B7162DDB4B,50,2
7A9B7D40-5563-4065-99D4-9C5EF6796E29,7,3
7AAED6D8-68A9-43A4-9721-80B3C2F705C1,9,3
7AAED6D8-68A9-43A4-9721-80B3C2F705C1,18,3
7AAED6D8-68A9-43A4-9721-80B3C2F705C1,22,3
7AAED6D8-68A9-43A4-9721-80B3C2F705C1,38,3
7ACCF1F9-953D-4524-8A2E-029A2FE7783A,2,0
7ACCF1F9-953D-4524-8A2E-029A2FE7783A,7,0
7ACCF1F9-953D-4524-8A2E-029A2FE7783A,19,0
7ACCF1F9-953D-4524-8A2E-029A2FE7783A,74,0
7ACCF1F9-953D-4524-8A2E-029A2FE7783A,75,0
7ACCF1F9-953D-4524-8A2E-029A2FE7783A,93,0
7ACCF1F9-953D-4524-8A2E-029A2FE7783A,94,0
7ACCF1F9-953D-4524-8A2E-029A2FE7783A,106,0
7ACCF1F9-953D-4524-8A2E-029A2FE7783A,116,0
7AEEBD0D-7A4B-4DB2-BD0D-6016A3F4C6BF,13,3
7B1F9BC8-C640-45EF-9272-F613AB6C3F3E,11,3
7B1F9BC8-C640-45EF-9272-F613AB6C3F3E,42,3
7B6E2DDD-F637-4506-BED8-BFB01A176092,2,2
7B6F36D3-7B93-4C9B-8368-7D4ED8FAE8C7,9,3
7B6F36D3-7B93-4C9B-8368-7D4ED8FAE8C7,12,3
7B6F36D3-7B93-4C9B-8368-7D4ED8FAE8C7,18,3
7B6F36D3-7B93-4C9B-8368-7D4ED8FAE8C7,25,3
7B6FD40A-C617-4176-A16A-3E0ED0FD4380,10,3
7B6FD40A-C617-4176-A16A-3E0ED0FD4380,36,3
7B6FD40A-C617-4176-A16A-3E0ED0FD4380,45,3
7BB2C823-654D-4FD2-A36C-83B22E3F219A,10,3
7BB2C823-654D-4FD2-A36C-83B22E3F219A,18,3
7BD59BDB-8B28-431A-9557-E535A92C5B66,7,2
7BE99746-6471-4C0C-B116-4E2A5AC205CE,12,2
7BEC8E87-1D57-4C78-A3CA-9527045ECB24,2,3
7BEC8E87-1D57-4C78-A3CA-9527045ECB24,37,3
7BEC8E87-1D57-4C78-A3CA-9527045ECB24,49,3
7C3EE885-76E3-459F-9BB0-607364DFF5C8,38,2
7C3EE885-76E3-459F-9BB0-607364DFF5C8,50,2
7c45f185-d359-46a5-9b23-5069c71efcb1,1,1
7c45f185-d359-46a5-9b23-5069c71efcb1,5,0
7c45f185-d359-46a5-9b23-5069c71efcb1,27,0
7c45f185-d359-46a5-9b23-5069c71efcb1,35,0
7c45f185-d359-46a5-9b23-5069c71efcb1,41,0
7c45f185-d359-46a5-9b23-5069c71efcb1,62,1
7c45f185-d359-46a5-9b23-5069c71efcb1,94,1
7c45f185-d359-46a5-9b23-5069c71efcb1,105,0
7C4614BB-1AF4-4A3F-84C0-138909FFCC6D,14,6
7C4614BB-1AF4-4A3F-84C0-138909FFCC6D,49,6
7c5596ca-5ea7-445d-9f65-e8682e57ef9c,57,2
7C5EA7C5-4ED6-4D3D-AC24-F4EF48354703,13,3
7c770be5-7e24-40c7-9545-47a3148af6d7,4,2
7c770be5-7e24-40c7-9545-47a3148af6d7,10,2
7c770be5-7e24-40c7-9545-47a3148af6d7,48,0
7c770be5-7e24-40c7-9545-47a3148af6d7,55,2
7c770be5-7e24-40c7-9545-47a3148af6d7,63,0
7c770be5-7e24-40c7-9545-47a3148af6d7,64,2
7c770be5-7e24-40c7-9545-47a3148af6d7,70,0
7C92D0FC-0C7D-4B50-85FE-27B2763F5C82,6,3
7C92D0FC-0C7D-4B50-85FE-27B2763F5C82,32,3
7CA62E25-BFBA-4E61-A494-A7C753FD2B2A,5,2
7CA62E25-BFBA-4E61-A494-A7C753FD2B2A,14,2
7cbce6ff-1fcd-4bd6-b73b-714d1736b266,12,0
7cbce6ff-1fcd-4bd6-b73b-714d1736b266,32,0
7cbce6ff-1fcd-4bd6-b73b-714d1736b266,148,0
7cbce6ff-1fcd-4bd6-b73b-714d1736b266,177,0
7cbce6ff-1fcd-4bd6-b73b-714d1736b266,199,0
7cbce6ff-1fcd-4bd6-b73b-714d1736b266,242,0
7cbce6ff-1fcd-4bd6-b73b-714d1736b266,335,0
7CC543CA-BE5C-44EB-BA89-3D0716969E7B,35,3
7cf1f501-8087-4d61-a4dd-a92080606375,12,2
7cf1f501-8087-4d61-a4dd-a92080606375,22,2
7CF1FD7D-C488-4C11-A173-F6B7BE8E81B6,6,3
7CFE0851-268B-4798-8E30-B0799CBECFCA,9,0
7CFE0851-268B-4798-8E30-B0799CBECFCA,17,0
7CFE0851-268B-4798-8E30-B0799CBECFCA,18,0
7CFE0851-268B-4798-8E30-B0799CBECFCA,22,0
7CFE0851-268B-4798-8E30-B0799CBECFCA,30,0
7D08129C-1221-483C-A3EA-515B88929EA6,46,3
7d08b85e-69a0-4b4d-82e9-ee391cc11c62,3,2
7D1BAC48-FCDF-4655-BFBE-94EBDF724425,17,3
7D1BAC48-FCDF-4655-BFBE-94EBDF724425,24,3
7D2519C2-D738-4A9A-87B6-152C394E28A9,2,2
7D2519C2-D738-4A9A-87B6-152C394E28A9,19,2
7D477E9A-1F90-4A6F-B17A-D4374D6247BB,46,0
7D508FA0-A6E4-4EFB-BBF9-9BE21BF944EB,17,3
7DB1EF39-D7B8-46EC-9EBF-E7ECF9C58038,24,3
7DB1EF39-D7B8-46EC-9EBF-E7ECF9C58038,38,3
7DB1EF39-D7B8-46EC-9EBF-E7ECF9C58038,53,3
7DEB1253-725D-477A-ADF3-914563605E47,100,3
7E04FCCD-0FD7-4CAF-BA21-FEEE4159778C,11,3
7E59FB14-904C-4D93-929F-A87DA25F1E6D,18,2
7e5f2abf-480c-4658-91ae-596abea79ddb,2,2
7e5f2abf-480c-4658-91ae-596abea79ddb,56,2
7e5f2abf-480c-4658-91ae-596abea79ddb,74,2
7e7abdbe-e12c-486d-944a-cfbb4801682c,2,2
7e7abdbe-e12c-486d-944a-cfbb4801682c,58,2
7ED7119C-630B-4590-84E1-B7A816D956C4,17,3
7ED7119C-630B-4590-84E1-B7A816D956C4,33,3
7EE8FBE6-5FF2-4462-8504-56AF6A900735,24,2
7F14582C-EFB6-4031-8558-CCF0594FBCAF,15,6
7F14582C-EFB6-4031-8558-CCF0594FBCAF,21,1
7F40F20C-A498-4D79-B5EB-C4BFD60EDC2D,83,3
7F40F20C-A498-4D79-B5EB-C4BFD60EDC2D,95,3
7FB335FF-E6F6-43BD-99B3-460C0EF91D60,2,3
7F82BD6A-4969-44F8-B57B-58D846BFCE5A,5,3
7F82BD6A-4969-44F8-B57B-58D846BFCE5A,28,3
7F82BD6A-4969-44F8-B57B-58D846BFCE5A,46,3
7FB335FF-E6F6-43BD-99B3-460C0EF91D60,7,3
8004D8FC-21E7-40A8-896A-B8F3AA9096AD,9,0
8004D8FC-21E7-40A8-896A-B8F3AA9096AD,10,0
8004D8FC-21E7-40A8-896A-B8F3AA9096AD,13,2
8004D8FC-21E7-40A8-896A-B8F3AA9096AD,16,2
8004D8FC-21E7-40A8-896A-B8F3AA9096AD,24,0
8004D8FC-21E7-40A8-896A-B8F3AA9096AD,43,2
80457106-6CE9-41F9-94D5-82D8796C319D,2,2
8079382E-33E8-48DB-B6B0-8894A295C05C,12,3
8079382E-33E8-48DB-B6B0-8894A295C05C,16,3
8079382E-33E8-48DB-B6B0-8894A295C05C,17,3
8079382E-33E8-48DB-B6B0-8894A295C05C,18,3
808C9B3F-3F1B-483C-929F-1039097532BF,27,3
808C9B3F-3F1B-483C-929F-1039097532BF,40,3
809fbb4e-6342-4a4b-8bbd-c2d86f261b05,3,3
809fbb4e-6342-4a4b-8bbd-c2d86f261b05,84,3
80c1c9e4-5eca-4ba3-805a-120ab73093d7,1,
80c1c9e4-5eca-4ba3-805a-120ab73093d7,57,0
80c1c9e4-5eca-4ba3-805a-120ab73093d7,60,0
80c1c9e4-5eca-4ba3-805a-120ab73093d7,62,0
80c1c9e4-5eca-4ba3-805a-120ab73093d7,78,0
80C6038C-3C3B-4B18-BB7A-92012A9F4552,74,2
80EA2233-59F7-40A4-ABA6-526A8BBD2975,26,2
81144D1F-B403-4B6D-B7D5-3EAE5B14D0C6,14,3
81144D1F-B403-4B6D-B7D5-3EAE5B14D0C6,27,3
81144D1F-B403-4B6D-B7D5-3EAE5B14D0C6,41,3
813EC38C-1F74-47F1-BDE9-92732C5504A3,26,3
813EEF08-4D2E-42FF-A97A-76EEFC955149,13,3
813EEF08-4D2E-42FF-A97A-76EEFC955149,53,3
813EEF08-4D2E-42FF-A97A-76EEFC955149,65,3
81622822-1153-46B7-A2E6-C42DC605A39C,2,3
81622822-1153-46B7-A2E6-C42DC605A39C,27,3
816932CB-D9E6-4D2F-A424-7393442D0FA7,18,3
817F2C77-90C8-49A6-8372-E345A86B08D2,19,2
817F2C77-90C8-49A6-8372-E345A86B08D2,28,3
817F2C77-90C8-49A6-8372-E345A86B08D2,79,2
817F2C77-90C8-49A6-8372-E345A86B08D2,106,2
81BBC8A3-89C5-4A25-B834-2E6CD141AA69,2,2
81C00C8E-955A-41A0-90EC-7864396853FD,5,3
81CB7419-8091-444C-88F9-94F669F1CFDC,5,0
81CB7419-8091-444C-88F9-94F669F1CFDC,14,0
81CB7419-8091-444C-88F9-94F669F1CFDC,19,0
81EF9217-CBC9-400B-86C3-766CA99476ED,1,2
81EF9217-CBC9-400B-86C3-766CA99476ED,23,2
81EF9217-CBC9-400B-86C3-766CA99476ED,35,2
81EF9217-CBC9-400B-86C3-766CA99476ED,118,2
82256E4F-6A58-42CA-8F66-676B56261C64,25,2
82256E4F-6A58-42CA-8F66-676B56261C64,38,2
82256E4F-6A58-42CA-8F66-676B56261C64,43,2
82256E4F-6A58-42CA-8F66-676B56261C64,48,2
823951AF-C582-4A0F-A7EC-BFA4638D1732,22,3
823951AF-C582-4A0F-A7EC-BFA4638D1732,36,3
82821833-C429-40FC-8539-0A10861BAF3A,58,3
828B1AE3-55F4-4F19-9333-1A1137B4AFD0,5,2
828B1AE3-55F4-4F19-9333-1A1137B4AFD0,15,2
828F7867-C023-4B71-8D2B-261E98209C1C,8,1
82BC63DF-D643-4AC9-855B-DB748DC4B77D,61,2
82BC63DF-D643-4AC9-855B-DB748DC4B77D,91,3
82BC63DF-D643-4AC9-855B-DB748DC4B77D,118,3
82C253AF-6FB4-4555-B0CE-2F9B5433D57D,4,3
82C253AF-6FB4-4555-B0CE-2F9B5433D57D,12,3
82C253AF-6FB4-4555-B0CE-2F9B5433D57D,13,3
82C253AF-6FB4-4555-B0CE-2F9B5433D57D,16,3
82C253AF-6FB4-4555-B0CE-2F9B5433D57D,31,3
82FAEABE-3D3C-4314-BF97-B08913CC362A,1,3
8313DA3B-613D-416A-9213-0212C3366870,2,2
8313DA3B-613D-416A-9213-0212C3366870,49,2
832545B4-D19A-460E-851E-02CA202E2F68,2,2
832545B4-D19A-460E-851E-02CA202E2F68,8,6
832545B4-D19A-460E-851E-02CA202E2F68,28,2
832545B4-D19A-460E-851E-02CA202E2F68,37,2
832545B4-D19A-460E-851E-02CA202E2F68,41,2
834B02C9-1FE4-4AB7-84CE-D2AE7E07CC89,1,3
834B02C9-1FE4-4AB7-84CE-D2AE7E07CC89,3,3
834B02C9-1FE4-4AB7-84CE-D2AE7E07CC89,5,3
834B02C9-1FE4-4AB7-84CE-D2AE7E07CC89,15,3
83DA99D1-7210-4DFC-966B-4689B00C2673,15,3
840054BD-92FC-456C-B5EA-5BD81368EA37,6,2
840054BD-92FC-456C-B5EA-5BD81368EA37,10,2
840054BD-92FC-456C-B5EA-5BD81368EA37,13,4
840054BD-92FC-456C-B5EA-5BD81368EA37,33,2
840054BD-92FC-456C-B5EA-5BD81368EA37,38,2
840054BD-92FC-456C-B5EA-5BD81368EA37,66,2
8410D83D-44DD-4717-9B90-F2226B5DC2A9,1,3
8410D83D-44DD-4717-9B90-F2226B5DC2A9,26,3
8410D83D-44DD-4717-9B90-F2226B5DC2A9,61,3
8431534F-AC5A-46D5-9484-0464499AE4BA,13,3
8431534F-AC5A-46D5-9484-0464499AE4BA,36,3
8431534F-AC5A-46D5-9484-0464499AE4BA,45,3
845B75FF-0613-4E07-BE94-3B3F33B3EC80,1,3
846FE662-0EFC-4BA2-B8FA-3B1898E07C84,2,2
846FE662-0EFC-4BA2-B8FA-3B1898E07C84,5,2
84749D7B-E783-45CB-A242-C5FB86ADC673,32,3
8497168B-C110-4233-9334-A33785ADFA3A,36,3
84CA77B1-8F83-4038-92A9-CD2698890AA4,2,1
84CA77B1-8F83-4038-92A9-CD2698890AA4,7,1
84CA77B1-8F83-4038-92A9-CD2698890AA4,8,1
84CA77B1-8F83-4038-92A9-CD2698890AA4,14,1
84CA77B1-8F83-4038-92A9-CD2698890AA4,15,1
84CA77B1-8F83-4038-92A9-CD2698890AA4,19,1
84CA77B1-8F83-4038-92A9-CD2698890AA4,23,0
84CA77B1-8F83-4038-92A9-CD2698890AA4,26,1
84CA77B1-8F83-4038-92A9-CD2698890AA4,27,1
84CA77B1-8F83-4038-92A9-CD2698890AA4,28,0
84DC9AB2-384B-4DE4-9265-FA3A0A5206ED,6,3
84DC9AB2-384B-4DE4-9265-FA3A0A5206ED,12,3
853144de-cb9e-46ac-a87f-dae79705e6eb,5,2
853144de-cb9e-46ac-a87f-dae79705e6eb,27,2
853144de-cb9e-46ac-a87f-dae79705e6eb,82,2
85A00F37-CCFF-4087-AFE0-ADD79B1B283B,9,3
85A00F37-CCFF-4087-AFE0-ADD79B1B283B,38,3
85A00F37-CCFF-4087-AFE0-ADD79B1B283B,43,3
85A00F37-CCFF-4087-AFE0-ADD79B1B283B,48,3
85A2822D-B7EA-4B63-9EE6-F5416C373665,24,2
85E51B7C-BF98-4EAA-84E6-DD4850FB045A,11,2
85E51B7C-BF98-4EAA-84E6-DD4850FB045A,31,2
85E51B7C-BF98-4EAA-84E6-DD4850FB045A,38,2
85f8a860-4ffb-44f3-aa2b-17e875a5700c,32,4
86137C5F-48DC-43D7-98FE-CBC97CAED4AC,6,3
861C6C4F-4F84-4EB1-90BF-ACB19F75DD72,19,4
861C6C4F-4F84-4EB1-90BF-ACB19F75DD72,74,4
8624202F-8369-41E1-8E8F-0B1BB9ED49DB,31,6
8624202F-8369-41E1-8E8F-0B1BB9ED49DB,54,4
8624202F-8369-41E1-8E8F-0B1BB9ED49DB,114,2
8624202F-8369-41E1-8E8F-0B1BB9ED49DB,125,2
865F536C-943C-46E2-ADE7-8825431068DC,40,2
865F536C-943C-46E2-ADE7-8825431068DC,61,2
865F536C-943C-46E2-ADE7-8825431068DC,84,0
86950D01-D1F0-4942-A5F2-FA22961175CC,9,0
86950D01-D1F0-4942-A5F2-FA22961175CC,13,2
86A41C16-DF8D-4D30-858A-1F6B1D2A37F9,2,3
86E4D7BA-2B79-4588-AD01-EEEBC335F96E,36,2
86E4D7BA-2B79-4588-AD01-EEEBC335F96E,44,2
86E4D7BA-2B79-4588-AD01-EEEBC335F96E,53,2
86FA77CD-2FD5-4A79-8859-0C876411D613,27,0
873849D4-2B60-4F51-93F7-1491409ED672,21,2
873849D4-2B60-4F51-93F7-1491409ED672,28,6
873849D4-2B60-4F51-93F7-1491409ED672,35,2
873849D4-2B60-4F51-93F7-1491409ED672,40,2
8749EA47-8211-4286-8498-508172CEF590,11,3
8749EA47-8211-4286-8498-508172CEF590,17,3
877BE2CC-8A66-44C8-AE07-58ABD72D281B,21,3
87B0EBFF-2CB7-4D9C-9DC6-EE585906488B,10,2
87B0EBFF-2CB7-4D9C-9DC6-EE585906488B,18,2
87B0EBFF-2CB7-4D9C-9DC6-EE585906488B,24,2
87B8D315-4BCA-4288-8BAD-D03483990E9D,10,3
87D25FD5-60E3-4FBA-985A-41DDBB9C93A3,37,3
88055481-CF28-410D-94AB-FDD1203050F8,22,3
88055481-CF28-410D-94AB-FDD1203050F8,42,3
882EDA06-EBD9-48A8-821E-60FC8F55EF75,21,3
887C8060-E9CF-4AE5-82BB-D7A8ACA9C7D2,20,2
88C70DCB-61D7-47E0-987B-41C90591A7F3,2,2
88C70DCB-61D7-47E0-987B-41C90591A7F3,56,2
88C70DCB-61D7-47E0-987B-41C90591A7F3,103,2
88D17D5F-BDA1-4D91-8E3B-4FF1DF681B43,8,3
88D17D5F-BDA1-4D91-8E3B-4FF1DF681B43,15,3
88D17D5F-BDA1-4D91-8E3B-4FF1DF681B43,34,3
88FBA6AA-6A27-4BE2-A315-2CD4EB607841,23,3
8925D5CD-F5A4-4C53-9BBD-AE522182A85E,1,2
8925D5CD-F5A4-4C53-9BBD-AE522182A85E,5,2
8925D5CD-F5A4-4C53-9BBD-AE522182A85E,19,2
8925D5CD-F5A4-4C53-9BBD-AE522182A85E,34,2
89368539-6630-4656-AF78-00A4EFF43A7B,31,3
89368539-6630-4656-AF78-00A4EFF43A7B,130,3
893B151B-DE79-4789-B129-EE1A515F71E6,5,3
893B151B-DE79-4789-B129-EE1A515F71E6,23,2
894D4544-14D3-4F23-9059-0BD4F308B5B5,9,3
894D4544-14D3-4F23-9059-0BD4F308B5B5,12,3
894D4544-14D3-4F23-9059-0BD4F308B5B5,24,3
894D4544-14D3-4F23-9059-0BD4F308B5B5,33,3
8956a124-b9b1-421d-a91c-3ccc4eb8d4c5,21,3
8956a124-b9b1-421d-a91c-3ccc4eb8d4c5,75,3
8956a124-b9b1-421d-a91c-3ccc4eb8d4c5,141,3
898183F7-F5FA-4C16-B25C-CB7C71A3B5D9,2,3
898183F7-F5FA-4C16-B25C-CB7C71A3B5D9,8,3
89EE549F-CB7B-4B51-8859-FB5627BBEC86,4,2
89EE549F-CB7B-4B51-8859-FB5627BBEC86,9,2
89EE549F-CB7B-4B51-8859-FB5627BBEC86,32,2
89EE549F-CB7B-4B51-8859-FB5627BBEC86,53,2
89ee9aff-93d0-48b9-a857-4e6cc5336719,10,3
89ee9aff-93d0-48b9-a857-4e6cc5336719,17,1
89ee9aff-93d0-48b9-a857-4e6cc5336719,44,3
89FE3B55-8C95-4B74-A4D4-DCA53684359A,6,0
89FE3B55-8C95-4B74-A4D4-DCA53684359A,9,6
89FE3B55-8C95-4B74-A4D4-DCA53684359A,12,1
89FE3B55-8C95-4B74-A4D4-DCA53684359A,18,6
89FE3B55-8C95-4B74-A4D4-DCA53684359A,25,1
89FE3B55-8C95-4B74-A4D4-DCA53684359A,32,1
89FE3B55-8C95-4B74-A4D4-DCA53684359A,38,0
89FE3B55-8C95-4B74-A4D4-DCA53684359A,44,1
89FE3B55-8C95-4B74-A4D4-DCA53684359A,59,1
8A1BCFCF-55C1-495E-AC0C-9DBBCBC8EEBB,19,2
8A1BCFCF-55C1-495E-AC0C-9DBBCBC8EEBB,35,2
8A1BCFCF-55C1-495E-AC0C-9DBBCBC8EEBB,41,2
8A1BCFCF-55C1-495E-AC0C-9DBBCBC8EEBB,46,2
8A267248-3EFC-4F6B-B0F2-9117534F86F6,25,3
8A3192E9-3E1C-4E46-9CD5-530CAF36E6AD,9,3
8A3192E9-3E1C-4E46-9CD5-530CAF36E6AD,12,3
8A3192E9-3E1C-4E46-9CD5-530CAF36E6AD,30,3
8A5683AA-1349-42ED-920A-C5440AC5DBE6,18,2
8A5683AA-1349-42ED-920A-C5440AC5DBE6,45,2
8A6C3D1D-9150-43CD-B9DC-2BB99411AB5A,7,2
8AA5951C-80C2-4C91-803C-A2294A03B4DD,43,3
8AC223C6-1A70-49B0-A9DB-3ED7168D450D,2,3
8ac47ff0-4951-4273-bf3d-83e2d6d450ca,12,3
8ac47ff0-4951-4273-bf3d-83e2d6d450ca,22,2
8AE94064-6A28-423A-B36B-8F6CF6287F8B,7,0
8AE94064-6A28-423A-B36B-8F6CF6287F8B,8,0
8AE94064-6A28-423A-B36B-8F6CF6287F8B,40,0
8AE94064-6A28-423A-B36B-8F6CF6287F8B,41,0
8AE94064-6A28-423A-B36B-8F6CF6287F8B,46,0
8AFC0DC3-F369-4041-B100-837CC9F41430,33,2
8b03be36-3378-482f-b87f-11b55c7bb845,20,1
8B1B55EE-363F-48FA-81C4-E0B58CC97B93,3,3
8B1B55EE-363F-48FA-81C4-E0B58CC97B93,35,3
8B282BA3-6093-4819-A200-0C3F863AB793,5,2
8B282BA3-6093-4819-A200-0C3F863AB793,61,2
8B282BA3-6093-4819-A200-0C3F863AB793,62,0
8b31d592-0640-42b6-9539-a4d4e45b68a1,1,
8b31d592-0640-42b6-9539-a4d4e45b68a1,20,3
8b31d592-0640-42b6-9539-a4d4e45b68a1,85,3
8b594aed-df82-4ea8-b5fb-7a57eec7007a,59,5
8B61B08A-BC6C-496A-A6B9-5C22844B15A8,12,2
8B61B08A-BC6C-496A-A6B9-5C22844B15A8,25,2
8B61B08A-BC6C-496A-A6B9-5C22844B15A8,44,2
8B61B08A-BC6C-496A-A6B9-5C22844B15A8,48,2
8B6391E1-9F4E-4399-BE22-983F4E28C373,4,2
8B6391E1-9F4E-4399-BE22-983F4E28C373,13,2
8B6391E1-9F4E-4399-BE22-983F4E28C373,36,2
8B7578F5-3A72-49EF-9895-42F87DDDFF84,17,6
8B7578F5-3A72-49EF-9895-42F87DDDFF84,67,4
8B9C81D5-D2A5-4523-92AF-0C30295B7B15,2,2
8B9C81D5-D2A5-4523-92AF-0C30295B7B15,23,4
8B9C81D5-D2A5-4523-92AF-0C30295B7B15,41,4
8BA7D281-4342-45A3-8C90-EF2ECDE1C4FA,16,3
8BA7D281-4342-45A3-8C90-EF2ECDE1C4FA,24,3
8BA7D281-4342-45A3-8C90-EF2ECDE1C4FA,31,3
8BAE5ED9-4B3D-470E-8D5E-4FD4B0F38BAE,25,3
8BAE5ED9-4B3D-470E-8D5E-4FD4B0F38BAE,38,3
8BDE92D6-B297-4E6A-9ADF-6BD75DB6EE4B,6,3
8BDE92D6-B297-4E6A-9ADF-6BD75DB6EE4B,11,3
8BDE92D6-B297-4E6A-9ADF-6BD75DB6EE4B,47,3
8BDE92D6-B297-4E6A-9ADF-6BD75DB6EE4B,98,3
8C2588A7-C038-4989-833E-85DF4A868966,5,3
8C2588A7-C038-4989-833E-85DF4A868966,23,3
8C2588A7-C038-4989-833E-85DF4A868966,49,3
8C2588A7-C038-4989-833E-85DF4A868966,56,3
8C383D2D-4000-4D63-A98C-63D192031546,10,3
8C383D2D-4000-4D63-A98C-63D192031546,31,3
8C383D2D-4000-4D63-A98C-63D192031546,43,3
8C383D2D-4000-4D63-A98C-63D192031546,47,3
8C383D2D-4000-4D63-A98C-63D192031546,51,3
8C3B7A76-A90E-4190-85A6-D7997E1CD5A2,1,2
8C3B7A76-A90E-4190-85A6-D7997E1CD5A2,7,2
8C3B7A76-A90E-4190-85A6-D7997E1CD5A2,21,2
8C3E4542-098A-41CB-A2CB-442DB13FE1F9,3,4
8C3E4542-098A-41CB-A2CB-442DB13FE1F9,14,4
8C3E4542-098A-41CB-A2CB-442DB13FE1F9,35,4
8C4200CA-A79D-45B8-83C4-E204C4CCEF36,26,0
8C4E2EF2-D7A5-48CB-9DCB-EE1F5A92C006,20,3
8C4E2EF2-D7A5-48CB-9DCB-EE1F5A92C006,28,3
8C4E2EF2-D7A5-48CB-9DCB-EE1F5A92C006,46,3
8C6546F4-87C1-4298-A2A2-F095A820994A,10,3
8C94F4F7-3C84-4B10-8D9A-B94B03497E48,14,2
8C95F24A-3381-4C52-BE0C-287D1A3E8BC4,1,3
8C95F24A-3381-4C52-BE0C-287D1A3E8BC4,20,3
8C95F24A-3381-4C52-BE0C-287D1A3E8BC4,23,3
8C95F24A-3381-4C52-BE0C-287D1A3E8BC4,28,3
8CA630ED-5D73-4E90-8E40-9868FC43BA52,6,3
8CA630ED-5D73-4E90-8E40-9868FC43BA52,43,0
8CA630ED-5D73-4E90-8E40-9868FC43BA52,53,3
8CAE38BF-8E50-487C-911C-40C5C826733D,3,3
8CAE38BF-8E50-487C-911C-40C5C826733D,19,3
8CAE38BF-8E50-487C-911C-40C5C826733D,26,3
8CCFC447-20B8-42F3-995C-6B8901886656,30,3
8CCFC447-20B8-42F3-995C-6B8901886656,47,3
8D361F4B-B6CB-424B-AE23-EF031FC766DD,38,3
8D3C7031-D755-44BC-AC79-BDA4D3CADCFF,20,3
8d5809af-32b1-4d5a-a54c-ff3fb0116078,2,3
8d5809af-32b1-4d5a-a54c-ff3fb0116078,15,3
8d5809af-32b1-4d5a-a54c-ff3fb0116078,27,3
8d5809af-32b1-4d5a-a54c-ff3fb0116078,34,3
8d5809af-32b1-4d5a-a54c-ff3fb0116078,79,3
8d5809af-32b1-4d5a-a54c-ff3fb0116078,96,3
8D678FF9-65F2-438D-82DD-1BBCB6F39BBA,8,2
8D678FF9-65F2-438D-82DD-1BBCB6F39BBA,21,2
8D678FF9-65F2-438D-82DD-1BBCB6F39BBA,23,2
8D678FF9-65F2-438D-82DD-1BBCB6F39BBA,26,2
8D678FF9-65F2-438D-82DD-1BBCB6F39BBA,29,2
8d771c53-a7b8-4e0d-9618-08cf92636c39,63,3
8d771c53-a7b8-4e0d-9618-08cf92636c39,98,3
8D9D6C17-58CF-4A9B-A34A-3D0CB1049DD3,7,3
8D9D6C17-58CF-4A9B-A34A-3D0CB1049DD3,27,3
8DA962F6-9A20-4236-8375-14520A116D96,9,3
8DA962F6-9A20-4236-8375-14520A116D96,10,0
8DA962F6-9A20-4236-8375-14520A116D96,12,3
8DA962F6-9A20-4236-8375-14520A116D96,24,3
8DA962F6-9A20-4236-8375-14520A116D96,30,0
8DA962F6-9A20-4236-8375-14520A116D96,31,0
8DA962F6-9A20-4236-8375-14520A116D96,32,0
8DA962F6-9A20-4236-8375-14520A116D96,42,0
8DA962F6-9A20-4236-8375-14520A116D96,43,0
8DA962F6-9A20-4236-8375-14520A116D96,44,0
8dd3b757-1a41-4884-b589-4bf3d0c0bcc9,59,2
8DE9CAC6-1578-4FBB-BAC2-FE5F51B4082D,9,3
8DE9CAC6-1578-4FBB-BAC2-FE5F51B4082D,11,3
8DE9CAC6-1578-4FBB-BAC2-FE5F51B4082D,24,3
8DE9CAC6-1578-4FBB-BAC2-FE5F51B4082D,33,3
8E724A2D-8DB5-4C74-B80F-0573EC6BE909,2,3
8E724A2D-8DB5-4C74-B80F-0573EC6BE909,7,3
8E88C679-6169-4E4E-84B8-88048103B995,4,2
8E88C679-6169-4E4E-84B8-88048103B995,59,3
8E8A02C1-985E-4E05-988F-CE270194778B,22,3
8E8A02C1-985E-4E05-988F-CE270194778B,25,3
8EDF6552-C636-4737-9964-373C9781013B,2,3
8EDF6552-C636-4737-9964-373C9781013B,15,3
8EDF6552-C636-4737-9964-373C9781013B,29,3
8EDF6552-C636-4737-9964-373C9781013B,34,3
8EEF93ED-5641-463D-947D-A8CBC2F0C57D,4,3
8EEF93ED-5641-463D-947D-A8CBC2F0C57D,9,3
8EEF93ED-5641-463D-947D-A8CBC2F0C57D,12,2
8F942DCE-21AD-4B2C-8FE7-4722A411BE30,6,3
8F942DCE-21AD-4B2C-8FE7-4722A411BE30,11,3
8F942DCE-21AD-4B2C-8FE7-4722A411BE30,42,3
8FD9905A-B2AB-47CD-9E1F-40B1620862D2,9,3
8FDA7644-8506-409F-AA4C-401679EF35C9,13,2
8FE30237-DD52-41AB-9F7D-E98CFE3CD1D6,38,0
90243639-58ab-4bea-8322-474b9d8fbce3,2,2
90243639-58ab-4bea-8322-474b9d8fbce3,37,2
903E62B4-4917-431D-AD33-1D28513DC8D6,2,3
9046C8AA-13F5-458B-8562-50CC1A3F1E43,6,2
9046C8AA-13F5-458B-8562-50CC1A3F1E43,9,2
9046C8AA-13F5-458B-8562-50CC1A3F1E43,24,2
909FDCB5-99F8-4781-BF12-CEDA8DC98004,3,3
909FDCB5-99F8-4781-BF12-CEDA8DC98004,27,3
909FDCB5-99F8-4781-BF12-CEDA8DC98004,34,3
909FDCB5-99F8-4781-BF12-CEDA8DC98004,46,3
90A4B226-BAC3-4626-B898-A65EC701777A,5,6
90A4B226-BAC3-4626-B898-A65EC701777A,7,6
90A8A4CF-BD33-44D0-9EEB-A507F48577A6,1,2
90A8A4CF-BD33-44D0-9EEB-A507F48577A6,20,2
90A8C41D-98C9-482D-8F45-6E3EE307993B,25,3
90A8C41D-98C9-482D-8F45-6E3EE307993B,47,3
90A8C41D-98C9-482D-8F45-6E3EE307993B,98,3
90AB9960-2D28-4241-A417-B89AC230AB12,18,3
90B8D392-FE93-4720-AA6E-679CDB82A269,9,3
90B8D392-FE93-4720-AA6E-679CDB82A269,16,3
90be56e1-40ac-49cf-a969-efabc34090da,22,2
90be56e1-40ac-49cf-a969-efabc34090da,24,3
90be56e1-40ac-49cf-a969-efabc34090da,44,2
90be56e1-40ac-49cf-a969-efabc34090da,59,1
90be56e1-40ac-49cf-a969-efabc34090da,63,2
90E1B5B3-3253-48F2-9A36-C632CAF4A215,2,0
90E1B5B3-3253-48F2-9A36-C632CAF4A215,5,0
90F00507-1246-47C4-B2DB-3739455E9795,9,0
90FF751A-C0F7-481E-977C-6C8DC8066823,25,2
90FF751A-C0F7-481E-977C-6C8DC8066823,36,2
90FF751A-C0F7-481E-977C-6C8DC8066823,47,2
910F47C6-BC29-4CCF-B901-BD9520B0EC30,13,4
910F47C6-BC29-4CCF-B901-BD9520B0EC30,48,4
910F47C6-BC29-4CCF-B901-BD9520B0EC30,52,4
914569cc-ceae-4058-a753-0eaf1ac22f8b,1,
91A185CF-C70A-4815-A030-4BB665891FD9,27,2
91B48376-7D36-4B5A-ADF0-E6FC7287F25C,44,3
91B96541-BBB7-49FE-AA8F-B0590D0E673E,4,3
91BF2A32-6910-4EB0-A06E-C39F38AA1BCF,1,3
91BF2A32-6910-4EB0-A06E-C39F38AA1BCF,15,3
91BF2A32-6910-4EB0-A06E-C39F38AA1BCF,19,3
91BF2A32-6910-4EB0-A06E-C39F38AA1BCF,34,3
91D928A9-599C-45F2-B118-695C1E985797,4,3
91D928A9-599C-45F2-B118-695C1E985797,10,3
91E0B3A5-9193-4A92-8BB5-ACFA9E6DB9D9,13,0
91E0B3A5-9193-4A92-8BB5-ACFA9E6DB9D9,17,3
91E0B3A5-9193-4A92-8BB5-ACFA9E6DB9D9,52,3
926735da-4948-41cd-9014-8780c89c859e,20,0
926735da-4948-41cd-9014-8780c89c859e,21,0
926735da-4948-41cd-9014-8780c89c859e,62,0
926735da-4948-41cd-9014-8780c89c859e,71,3
926735da-4948-41cd-9014-8780c89c859e,73,3
926735da-4948-41cd-9014-8780c89c859e,78,0
92A461F7-B7D8-47AA-9920-0F36F1E63AA9,2,3
92E4DE7A-8051-4AD1-8E37-D3807614D4AB,5,3
92F66BA0-5020-4F3A-8074-B6A8ECC08480,12,3
92F66BA0-5020-4F3A-8074-B6A8ECC08480,111,3
92f845f0-ae77-49aa-a913-237e40c05cfc,75,3
92f845f0-ae77-49aa-a913-237e40c05cfc,93,3
92FA3C8D-681C-45CA-8884-8653ECB24620,6,2
92FA3C8D-681C-45CA-8884-8653ECB24620,17,2
92FA3C8D-681C-45CA-8884-8653ECB24620,42,2
92FA3C8D-681C-45CA-8884-8653ECB24620,47,2
92FA3C8D-681C-45CA-8884-8653ECB24620,52,3
92FA3C8D-681C-45CA-8884-8653ECB24620,59,2
92FFA6F8-21AD-4D70-803E-ED02AF33C0F8,27,3
93262A91-DD85-47A6-9317-CFF91E1FD681,1,3
93262A91-DD85-47A6-9317-CFF91E1FD681,29,3
93262A91-DD85-47A6-9317-CFF91E1FD681,73,3
93262A91-DD85-47A6-9317-CFF91E1FD681,95,3
935942E9-121E-49C5-A38D-2460D54B311E,6,3
936A4DAC-321D-4C8C-AA58-90ECC0560DA7,102,3
936A4DAC-321D-4C8C-AA58-90ECC0560DA7,117,3
9379997F-24C0-471E-BEB0-993401E15BF3,2,0
9379997F-24C0-471E-BEB0-993401E15BF3,57,2
93856970-A3FB-44FC-9519-D394C0802076,2,2
93856970-A3FB-44FC-9519-D394C0802076,28,2
938C74CA-F7C7-45E9-B257-7EFD4F2C55FA,11,2
938C74CA-F7C7-45E9-B257-7EFD4F2C55FA,43,2
93982496-8772-4F3E-BA15-DE5938840203,21,3
93982496-8772-4F3E-BA15-DE5938840203,26,3
939D56B7-C6AA-486C-A877-415181BF7940,12,2
939D56B7-C6AA-486C-A877-415181BF7940,24,2
93E907BF-FE7A-4DB8-9ED3-AE47B29A66DF,31,2
93E907BF-FE7A-4DB8-9ED3-AE47B29A66DF,32,2
93fb2bff-44d6-4f9b-8ffd-434aca517985,1,
93fb2bff-44d6-4f9b-8ffd-434aca517985,40,2
93fb2bff-44d6-4f9b-8ffd-434aca517985,78,2
93fb2bff-44d6-4f9b-8ffd-434aca517985,89,2
94031850-22D1-4478-8B31-E5849D1020D4,17,3
94031850-22D1-4478-8B31-E5849D1020D4,32,3
9404A246-4924-4521-A656-A396BB376325,1,3
9404A246-4924-4521-A656-A396BB376325,5,3
9404A246-4924-4521-A656-A396BB376325,15,3
9404A246-4924-4521-A656-A396BB376325,19,3
9404A246-4924-4521-A656-A396BB376325,21,3
9404A246-4924-4521-A656-A396BB376325,27,3
9404A246-4924-4521-A656-A396BB376325,29,3
940DA4CD-986D-469D-AD74-55DD3BF869A4,32,2
940EBE82-BD4E-4725-93F6-4ECAD8B838D1,42,3
940EBE82-BD4E-4725-93F6-4ECAD8B838D1,52,3
9474A53C-25EE-4744-92A6-ED89541F2163,1,3
94a3bfc2-42b0-4a47-ae41-8da5fc8e0289,58,1
94a3bfc2-42b0-4a47-ae41-8da5fc8e0289,129,2
94BDC11F-33D6-49AC-B61C-6EEBD37E7250,1,1
94BDC11F-33D6-49AC-B61C-6EEBD37E7250,5,1
94E0D3CE-BF37-41BE-8246-E18F61432043,4,2
9512CBBC-14EF-446A-A5AE-4F8DD319BAB3,6,2
9512CBBC-14EF-446A-A5AE-4F8DD319BAB3,25,2
95152D29-19D0-4A27-81FC-6D3D47493B42,3,2
95152D29-19D0-4A27-81FC-6D3D47493B42,26,2
95152D29-19D0-4A27-81FC-6D3D47493B42,57,2
95152D29-19D0-4A27-81FC-6D3D47493B42,110,6
951bb3b9-f98c-430a-9913-f763914badbd,1,3
951bb3b9-f98c-430a-9913-f763914badbd,69,3
95622781-11CA-4BBD-8481-41276ECC4AB9,9,0
95622781-11CA-4BBD-8481-41276ECC4AB9,11,0
95622781-11CA-4BBD-8481-41276ECC4AB9,13,2
957CE1DC-21AA-4807-9F25-7D74391EFD68,2,3
95a60d36-5a2e-4d83-a728-31cb5f631aba,88,3
95a60d36-5a2e-4d83-a728-31cb5f631aba,131,3
95AC7B5E-65C4-4A5F-8749-4293345B109C,52,2
95AC7B5E-65C4-4A5F-8749-4293345B109C,54,2
95AC7B5E-65C4-4A5F-8749-4293345B109C,66,2
96408544-cf4f-460b-9387-34ee8a2dd3d1,33,3
96408544-cf4f-460b-9387-34ee8a2dd3d1,51,3
96664DDA-755C-427F-A401-18105A07EB8D,11,3
96664DDA-755C-427F-A401-18105A07EB8D,33,3
96664DDA-755C-427F-A401-18105A07EB8D,51,3
96682416-E098-40A0-9069-F67D1872DA00,5,3
96682416-E098-40A0-9069-F67D1872DA00,26,3
9708D2E4-0B8C-41D4-BAB3-A6246DCF48E2,29,3
971fe156-2577-49a3-b89d-358d2e8484fe,2,3
971fe156-2577-49a3-b89d-358d2e8484fe,5,3
97BAC731-A4A0-4EB7-AA8A-8B31BC2D5C8B,70,3
97E23AAF-5187-4F87-8A16-1881B57B83BD,7,3
97E9B03C-8824-46F0-9507-2886453739AC,43,3
97E9B03C-8824-46F0-9507-2886453739AC,53,3
98078140-EA2E-4E55-9BC0-607625AA1044,9,4
9836C0CF-0603-4E47-93A9-494B5C949985,26,0
9855C5D3-76B9-4C77-8AC8-B0978CBF4D59,3,3
9855C5D3-76B9-4C77-8AC8-B0978CBF4D59,8,3
9858FDCC-FAC4-42AD-9F8F-F052277EDBAD,9,1
9858FDCC-FAC4-42AD-9F8F-F052277EDBAD,18,2
9858FDCC-FAC4-42AD-9F8F-F052277EDBAD,25,1
9879AB5C-C228-41FE-A682-3F9185260A5F,20,3
9879AB5C-C228-41FE-A682-3F9185260A5F,26,3
9883189c-93cd-4a84-9ba4-48a7c2bdd21a,49,2
9883189c-93cd-4a84-9ba4-48a7c2bdd21a,82,2
98B5CE4D-E8C3-4E72-A940-D737682474B2,33,3
98C04809-8E75-45A4-9DB5-F71858D19E19,16,3
98C04809-8E75-45A4-9DB5-F71858D19E19,31,1
98C04809-8E75-45A4-9DB5-F71858D19E19,66,1
98C04809-8E75-45A4-9DB5-F71858D19E19,68,1
98C04809-8E75-45A4-9DB5-F71858D19E19,72,2
98C2F3C5-DCFE-4881-BEA1-F6145AD0330C,1,0
98C2F3C5-DCFE-4881-BEA1-F6145AD0330C,15,0
98C2F3C5-DCFE-4881-BEA1-F6145AD0330C,23,0
98C2F3C5-DCFE-4881-BEA1-F6145AD0330C,26,0
98C2F3C5-DCFE-4881-BEA1-F6145AD0330C,29,0
990AABB6-C89D-444A-93EA-378EAECBE161,11,6
990AABB6-C89D-444A-93EA-378EAECBE161,17,2
990AABB6-C89D-444A-93EA-378EAECBE161,31,6
990AABB6-C89D-444A-93EA-378EAECBE161,51,6
990D0F7F-1991-447B-9367-90FF0EB18FFE,10,3
990D0F7F-1991-447B-9367-90FF0EB18FFE,31,2
991324C6-0284-45C1-84B0-729BED1F249D,3,3
991324C6-0284-45C1-84B0-729BED1F249D,35,3
9921136c-2bc6-48d4-beeb-5a9975466dda,1,1
99257AB2-2532-43AC-9EF7-A4C1048380E7,11,0
99257AB2-2532-43AC-9EF7-A4C1048380E7,12,2
9948F67C-FED5-448B-8255-EEE156C3FD24,2,0
994F6471-9364-4E48-82CF-F0141803B7A3,13,4
994F6471-9364-4E48-82CF-F0141803B7A3,16,2
994F6471-9364-4E48-82CF-F0141803B7A3,39,4
994F6471-9364-4E48-82CF-F0141803B7A3,43,3
994F6471-9364-4E48-82CF-F0141803B7A3,53,3
994F6471-9364-4E48-82CF-F0141803B7A3,59,4
9952F3A8-C248-405B-B84C-3FAD7C553C10,1,3
9952F3A8-C248-405B-B84C-3FAD7C553C10,8,3
9952F3A8-C248-405B-B84C-3FAD7C553C10,14,3
998520F6-9695-457C-A28C-6E6B20A78413,2,3
998C6DB7-2BE3-445C-97AA-3BD38D896918,1,3
998C6DB7-2BE3-445C-97AA-3BD38D896918,3,3
998C6DB7-2BE3-445C-97AA-3BD38D896918,7,3
998C6DB7-2BE3-445C-97AA-3BD38D896918,15,3
99B552A6-EDE9-489E-878F-89545DC25003,23,2
99B552A6-EDE9-489E-878F-89545DC25003,75,2
9a0147f1-2f3f-48b0-ae44-07c449cfb5f2,115,3
9AB64035-7A92-484C-B6E5-E4240E243E28,16,3
9AB64035-7A92-484C-B6E5-E4240E243E28,22,3
9AB64035-7A92-484C-B6E5-E4240E243E28,32,3
9AD475BC-3461-4B07-AE10-63BEC013A02B,25,2
9AD475BC-3461-4B07-AE10-63BEC013A02B,31,3
9AD475BC-3461-4B07-AE10-63BEC013A02B,48,4
9ADCBAD5-5DF0-4641-9243-2497827462CB,8,3
9ADCBAD5-5DF0-4641-9243-2497827462CB,29,3
9AE2605B-F899-4108-8D96-608679C116B1,4,3
9AE2605B-F899-4108-8D96-608679C116B1,51,2
9AE2605B-F899-4108-8D96-608679C116B1,98,2
9ae289fa-9844-4395-8566-9c87554d4e8d,1,2
9AF77F88-C53F-4BB6-8482-41E0150DBAFE,8,2
9AF77F88-C53F-4BB6-8482-41E0150DBAFE,15,6
9AF77F88-C53F-4BB6-8482-41E0150DBAFE,61,2
9B234CA4-D2E8-4D47-8ABB-DE4E0CDA2614,10,3
9B308964-A191-4283-9DC5-854F4A708965,9,0
9B551FDB-8FE5-4483-AB36-725CE6F938E5,24,3
9B551FDB-8FE5-4483-AB36-725CE6F938E5,33,3
9b555688-ea79-472d-a802-85b649537a3f,2,4
9B5A1D97-7CBE-4967-95D2-1C0DA857FE8A,39,3
9B5A1D97-7CBE-4967-95D2-1C0DA857FE8A,43,3
9B681E47-0DCA-4BE6-A3C0-753965BDD65E,37,1
9B681E47-0DCA-4BE6-A3C0-753965BDD65E,78,1
9B85950B-1935-49BA-AEC9-7881948A5F64,3,3
9B85950B-1935-49BA-AEC9-7881948A5F64,5,6
9B85950B-1935-49BA-AEC9-7881948A5F64,8,3
9B8D28FB-51E0-43E6-A834-6B03215F2826,5,0
9BB7EB34-588F-4AE4-B380-D8AFDF4E6AFE,16,3
9BB7EB34-588F-4AE4-B380-D8AFDF4E6AFE,63,0
9BB9EA17-3252-4124-8947-9533DD65E8A5,33,2
9BCF272F-82C2-43C6-9669-17E476880957,9,3
9BCF272F-82C2-43C6-9669-17E476880957,24,3
9BCF272F-82C2-43C6-9669-17E476880957,53,3
9BD0008E-951F-4F5D-ACB1-DDB19EB6DD53,2,3
9BD0008E-951F-4F5D-ACB1-DDB19EB6DD53,7,3
9BFE5F1E-9C42-405E-A52C-EE2CDBAE73BF,25,2
9BFE5F1E-9C42-405E-A52C-EE2CDBAE73BF,36,3
9C0A30FC-8A06-4EF5-AC61-170D7206BBE1,2,0
9C0A30FC-8A06-4EF5-AC61-170D7206BBE1,3,0
9C0A30FC-8A06-4EF5-AC61-170D7206BBE1,5,0
9C0A30FC-8A06-4EF5-AC61-170D7206BBE1,7,0
9C0A30FC-8A06-4EF5-AC61-170D7206BBE1,8,0
9C0A30FC-8A06-4EF5-AC61-170D7206BBE1,15,0
9C0A30FC-8A06-4EF5-AC61-170D7206BBE1,19,0
9C0A30FC-8A06-4EF5-AC61-170D7206BBE1,21,0
9C0A30FC-8A06-4EF5-AC61-170D7206BBE1,23,0
9C0A30FC-8A06-4EF5-AC61-170D7206BBE1,26,0
9C0A30FC-8A06-4EF5-AC61-170D7206BBE1,27,0
9C0A30FC-8A06-4EF5-AC61-170D7206BBE1,29,0
9C0A30FC-8A06-4EF5-AC61-170D7206BBE1,34,0
9C276F49-86F5-4C8C-A6DE-EBB837BE2DC3,10,3
9C276F49-86F5-4C8C-A6DE-EBB837BE2DC3,32,3
9C276F49-86F5-4C8C-A6DE-EBB837BE2DC3,47,3
9C377B9F-F8BD-429B-8F67-D2D0C853CDA6,10,3
9C3E6304-6B96-4E03-BA94-5AF571A5AE68,15,3
9C3E6304-6B96-4E03-BA94-5AF571A5AE68,27,3
9C829737-2D60-490C-951B-2DFE438A1BE7,3,6
9C829737-2D60-490C-951B-2DFE438A1BE7,8,2
9C829737-2D60-490C-951B-2DFE438A1BE7,19,2
9C829737-2D60-490C-951B-2DFE438A1BE7,29,2
9C8EC47B-BA3A-43F3-B623-1DA79F4285C3,30,3
9C9B2B0D-8582-480F-B9B6-9A1DD35D280D,58,2
9CA153CE-073E-411B-9090-FDB2C77AE5F2,1,0
9CA153CE-073E-411B-9090-FDB2C77AE5F2,3,0
9CA153CE-073E-411B-9090-FDB2C77AE5F2,5,0
9CA153CE-073E-411B-9090-FDB2C77AE5F2,7,0
9CA153CE-073E-411B-9090-FDB2C77AE5F2,15,1
9CA153CE-073E-411B-9090-FDB2C77AE5F2,20,1
9CA153CE-073E-411B-9090-FDB2C77AE5F2,23,0
9CE219E0-3B44-4EE7-9726-3B62FA042763,8,3
9CE219E0-3B44-4EE7-9726-3B62FA042763,21,3
9CE219E0-3B44-4EE7-9726-3B62FA042763,26,3
9CE219E0-3B44-4EE7-9726-3B62FA042763,28,3
9CE41B60-9B85-480F-90DF-68586619E2A4,12,0
9CE41B60-9B85-480F-90DF-68586619E2A4,17,0
9CE41B60-9B85-480F-90DF-68586619E2A4,22,0
9CEED4B3-1EC4-4C80-99B6-580FEB4BB58C,4,2
9CEED4B3-1EC4-4C80-99B6-580FEB4BB58C,9,2
9CEED4B3-1EC4-4C80-99B6-580FEB4BB58C,13,2
9CEED4B3-1EC4-4C80-99B6-580FEB4BB58C,18,2
9D0507E0-D535-4F9F-A45F-6BE1EBC42F3F,10,2
9D0507E0-D535-4F9F-A45F-6BE1EBC42F3F,31,0
9D128923-1C94-441E-B755-04908BC1E330,20,2
9D128923-1C94-441E-B755-04908BC1E330,27,2
9D128923-1C94-441E-B755-04908BC1E330,37,2
9D145D29-0FEA-4655-BC20-58BD6D8FC28C,32,3
9D226D00-5C1D-4E2B-A877-171DD39850B5,32,2
9D226D00-5C1D-4E2B-A877-171DD39850B5,70,2
9D2A7D76-75B3-4DFB-B82E-EF595898F365,5,3
9D6E32A8-52F1-4409-93B5-0C0289699915,10,2
9D6E32A8-52F1-4409-93B5-0C0289699915,25,2
9D6E32A8-52F1-4409-93B5-0C0289699915,31,4
9d6ed475-71b1-4ef3-8390-80ca2e49a29b,3,3
9DD09559-F203-4E6E-B6F5-9FB83FB62E64,39,2
9DD09559-F203-4E6E-B6F5-9FB83FB62E64,109,2
9DD09559-F203-4E6E-B6F5-9FB83FB62E64,130,1
9DF788E1-45A1-40BE-98CE-A9E8F7816C5B,22,3
9DF788E1-45A1-40BE-98CE-A9E8F7816C5B,30,3
9DF788E1-45A1-40BE-98CE-A9E8F7816C5B,36,3
9DF788E1-45A1-40BE-98CE-A9E8F7816C5B,44,3
9e3f5df0-8f3f-4281-ae5f-7fa8674832d1,56,5
9e3f5df0-8f3f-4281-ae5f-7fa8674832d1,188,0
9E4BE0FE-DEF3-4D42-B7A3-EEFCA4A9807B,92,3
9E4DDFCC-DD37-4B9C-A1A4-35CF92E9BDDF,21,0
9E5702B7-F2DC-408F-B987-93A3BF865A30,3,3
9E5702B7-F2DC-408F-B987-93A3BF865A30,21,3
9E69F8A1-270D-4CA6-AA33-317DD6251B6E,2,3
9e6b6eda-292e-4fb8-a986-eec3201cd582,19,2
9e6b6eda-292e-4fb8-a986-eec3201cd582,79,2
9e6b6eda-292e-4fb8-a986-eec3201cd582,90,2
9e80e8e5-9c82-4c9a-b4c5-b095cd6e0bc9,8,1
9e80e8e5-9c82-4c9a-b4c5-b095cd6e0bc9,27,1
9e80e8e5-9c82-4c9a-b4c5-b095cd6e0bc9,94,1
9e80e8e5-9c82-4c9a-b4c5-b095cd6e0bc9,139,1
9EC668E6-C830-4B41-BDB4-D6B0E2ACEBE7,4,2
9EC668E6-C830-4B41-BDB4-D6B0E2ACEBE7,6,2
9EC668E6-C830-4B41-BDB4-D6B0E2ACEBE7,9,2
9EC668E6-C830-4B41-BDB4-D6B0E2ACEBE7,31,2
9EF8E904-D9D7-473E-B2CB-289D96685FD0,68,3
9EF8E904-D9D7-473E-B2CB-289D96685FD0,97,3
9F2B6EE9-510B-4302-B6AA-DDF9B2A3F9B0,3,2
9F2B6EE9-510B-4302-B6AA-DDF9B2A3F9B0,41,2
9F3EA04A-B211-4496-ABEA-4E17A2CA65F9,5,3
9F3EA04A-B211-4496-ABEA-4E17A2CA65F9,15,2
9F609B8C-40EC-4061-AB53-70EC463156DE,14,0
9F87D9B2-9DB9-4942-88C8-65F655FDB913,29,3
9fa07193-7011-4e17-bbb9-d094889c86e2,1,0
9fa07193-7011-4e17-bbb9-d094889c86e2,2,0
9fa07193-7011-4e17-bbb9-d094889c86e2,8,0
9fa07193-7011-4e17-bbb9-d094889c86e2,15,2
9fa07193-7011-4e17-bbb9-d094889c86e2,19,0
9fa07193-7011-4e17-bbb9-d094889c86e2,21,0
9fa07193-7011-4e17-bbb9-d094889c86e2,29,0
9fa07193-7011-4e17-bbb9-d094889c86e2,49,0
9fa07193-7011-4e17-bbb9-d094889c86e2,56,0
9fa07193-7011-4e17-bbb9-d094889c86e2,57,0
9fa07193-7011-4e17-bbb9-d094889c86e2,58,0
9FA42C6E-F121-47A6-8DF4-C4F79A19109F,10,3
9FB8CDE2-7DA7-4CF6-9550-750A75125403,10,1
9FB8CDE2-7DA7-4CF6-9550-750A75125403,12,3
9FB8CDE2-7DA7-4CF6-9550-750A75125403,16,1
9FB8CDE2-7DA7-4CF6-9550-750A75125403,25,1
9FD14266-93D0-4E55-AADA-80AC2F9650BA,22,3
9FD14266-93D0-4E55-AADA-80AC2F9650BA,59,3
9FFA982F-6158-4DED-9BDB-050351A524ED,1,3
9FFA982F-6158-4DED-9BDB-050351A524ED,5,3
9FFA982F-6158-4DED-9BDB-050351A524ED,8,3
A00E0A5D-2A98-4001-A5F1-B6261DC88106,73,3
A0755C13-ED52-4416-9748-A52C0406017A,26,3
A0C1A86D-6DFC-46CE-8CF9-4EB1776C914B,10,3
A0C1A86D-6DFC-46CE-8CF9-4EB1776C914B,39,3
a0cc8720-499a-4beb-8818-db554483ec8c,151,2
a0cc8720-499a-4beb-8818-db554483ec8c,177,2
A0FCE139-92FC-4A12-A312-0932ADF36A6C,19,3
a14902c6-41c9-43b2-a9e4-a4aec4cc785c,13,2
a149bbc5-94d2-467a-b551-a318faac76de,40,3
a149bbc5-94d2-467a-b551-a318faac76de,74,3
a149bbc5-94d2-467a-b551-a318faac76de,83,3
A14CCFFA-2B10-4235-A4CF-AADD616F94FF,17,3
A14CCFFA-2B10-4235-A4CF-AADD616F94FF,30,3
A172DA85-ECA2-4BD5-B5DC-4C013E8771E5,1,3
A1A304D2-9816-420F-B919-1FCDA81074C1,2,2
A1D27592-5672-4626-ABC0-F710CFEB72B3,30,0
A1D27592-5672-4626-ABC0-F710CFEB72B3,31,0
A1D27592-5672-4626-ABC0-F710CFEB72B3,32,0
A1D27592-5672-4626-ABC0-F710CFEB72B3,33,0
A1D27592-5672-4626-ABC0-F710CFEB72B3,36,2
A1D27592-5672-4626-ABC0-F710CFEB72B3,38,0
A1D27592-5672-4626-ABC0-F710CFEB72B3,43,0
A1D27592-5672-4626-ABC0-F710CFEB72B3,53,0
A1FB173A-01E8-428A-BE6E-AF12C7733C71,15,3
A1FB173A-01E8-428A-BE6E-AF12C7733C71,29,2
A1FB173A-01E8-428A-BE6E-AF12C7733C71,34,3
A1FB173A-01E8-428A-BE6E-AF12C7733C71,37,3
A224A2B5-55F9-41DC-9731-7C1EB4C90042,9,2
A224A2B5-55F9-41DC-9731-7C1EB4C90042,42,0
A224A2B5-55F9-41DC-9731-7C1EB4C90042,48,6
A27BFA9B-3197-432D-8A1B-9191103B46C0,16,3
A2C0FCF2-A8BF-4A64-A561-35E232BE0A08,6,3
A2C0FCF2-A8BF-4A64-A561-35E232BE0A08,48,3
A2DB6726-EA5E-4214-855E-8C74C5B8610E,41,2
A2DB6726-EA5E-4214-855E-8C74C5B8610E,61,2
a2e4dc4d-c817-4a2f-a3b6-7f0a5b27f462,34,0
a2e4dc4d-c817-4a2f-a3b6-7f0a5b27f462,46,3
a2e4dc4d-c817-4a2f-a3b6-7f0a5b27f462,58,0
a2e4dc4d-c817-4a2f-a3b6-7f0a5b27f462,75,0
a2e4dc4d-c817-4a2f-a3b6-7f0a5b27f462,79,0
a2e4dc4d-c817-4a2f-a3b6-7f0a5b27f462,83,0
a2e4dc4d-c817-4a2f-a3b6-7f0a5b27f462,88,0
A31266BA-B24A-4143-9EC2-52A1EC58C795,6,3
A31266BA-B24A-4143-9EC2-52A1EC58C795,10,3
A31266BA-B24A-4143-9EC2-52A1EC58C795,16,3
A315CE00-2EB8-4549-9F3B-536DAF6373D1,9,2
A315CE00-2EB8-4549-9F3B-536DAF6373D1,11,2
A315CE00-2EB8-4549-9F3B-536DAF6373D1,31,2
A32D305E-D3B0-4BC7-8514-D5C0ECD5BAF9,9,3
A32D305E-D3B0-4BC7-8514-D5C0ECD5BAF9,16,3
A32D6AE9-0025-4305-ABB6-404FEEB03500,11,3
a32e20bd-33f3-4ae0-ba36-6fc0162f916d,10,0
a32e20bd-33f3-4ae0-ba36-6fc0162f916d,22,0
a32e20bd-33f3-4ae0-ba36-6fc0162f916d,31,0
a32e20bd-33f3-4ae0-ba36-6fc0162f916d,51,0
a32e20bd-33f3-4ae0-ba36-6fc0162f916d,53,0
a32e20bd-33f3-4ae0-ba36-6fc0162f916d,55,0
a32e20bd-33f3-4ae0-ba36-6fc0162f916d,67,0
A339DD01-7020-4AC4-8B40-6BE05F58AE1E,16,2
A3413BFE-5979-470E-AA03-D055EEDD3EF9,2,3
a3770757-05a3-4054-afa2-a2d74aac05ae,25,1
a3770757-05a3-4054-afa2-a2d74aac05ae,32,0
a3770757-05a3-4054-afa2-a2d74aac05ae,54,0
a3770757-05a3-4054-afa2-a2d74aac05ae,72,0
a3770757-05a3-4054-afa2-a2d74aac05ae,87,0
a3770757-05a3-4054-afa2-a2d74aac05ae,92,0
a3770757-05a3-4054-afa2-a2d74aac05ae,97,0
a3770757-05a3-4054-afa2-a2d74aac05ae,114,1
A37EF948-1F0A-4337-9B28-96BD30A766D6,11,3
A37EF948-1F0A-4337-9B28-96BD30A766D6,30,2
A37EF948-1F0A-4337-9B28-96BD30A766D6,36,2
A38288F4-E0BD-4E1F-A5DF-CD7F53FE5BD9,8,0
A38288F4-E0BD-4E1F-A5DF-CD7F53FE5BD9,15,0
A3B00FBB-0E32-4FE2-9E94-57C44BA6E24D,20,3
A3BB8435-11A9-4EA4-996D-676876090062,6,1
A3BB8435-11A9-4EA4-996D-676876090062,9,1
A3BB8435-11A9-4EA4-996D-676876090062,10,1
A3BB8435-11A9-4EA4-996D-676876090062,11,1
A3BB8435-11A9-4EA4-996D-676876090062,12,1
A3BB8435-11A9-4EA4-996D-676876090062,13,1
A3BB8435-11A9-4EA4-996D-676876090062,22,1
A3BB8435-11A9-4EA4-996D-676876090062,36,1
A3BD76C4-FB6F-468F-8CDA-4C8878242F7F,45,2
A3D9F2B3-AE64-431C-8891-1608B81A65CF,7,0
A3D9F2B3-AE64-431C-8891-1608B81A65CF,8,0
A3D9F2B3-AE64-431C-8891-1608B81A65CF,19,0
A3D9F2B3-AE64-431C-8891-1608B81A65CF,28,0
A3FDB4B2-A9E5-4D0D-AADA-EEE6B4277421,16,3
A4366088-7E72-40DA-BC33-729432E55CB2,72,2
A47838BA-1AE7-4451-9A92-3BBE5FF81289,2,2
A47838BA-1AE7-4451-9A92-3BBE5FF81289,35,6
A47838BA-1AE7-4451-9A92-3BBE5FF81289,41,2
A47838BA-1AE7-4451-9A92-3BBE5FF81289,46,2
a48c29df-fd74-4975-876d-83579c49f280,4,2
a48c29df-fd74-4975-876d-83579c49f280,22,0
a48c29df-fd74-4975-876d-83579c49f280,65,2
a48c29df-fd74-4975-876d-83579c49f280,114,0
a48c29df-fd74-4975-876d-83579c49f280,126,0
a48c29df-fd74-4975-876d-83579c49f280,128,0
a48c29df-fd74-4975-876d-83579c49f280,206,0
A49C0117-7481-460D-AF40-0113E83049C9,31,3
a5207e5c-e411-4cfc-b321-527010592608,10,0
a5207e5c-e411-4cfc-b321-527010592608,11,0
a5207e5c-e411-4cfc-b321-527010592608,22,0
a5207e5c-e411-4cfc-b321-527010592608,25,0
a5207e5c-e411-4cfc-b321-527010592608,31,0
a5207e5c-e411-4cfc-b321-527010592608,32,0
a5207e5c-e411-4cfc-b321-527010592608,33,0
a5207e5c-e411-4cfc-b321-527010592608,42,0
a5207e5c-e411-4cfc-b321-527010592608,44,0
a5326b25-ad09-4e81-bb33-0541b38c9c3e,22,3
A53EBAD3-1F82-407A-BCDA-BF1F4B98BE4C,6,3
A53EBAD3-1F82-407A-BCDA-BF1F4B98BE4C,11,3
A53EBAD3-1F82-407A-BCDA-BF1F4B98BE4C,33,3
A53EBAD3-1F82-407A-BCDA-BF1F4B98BE4C,39,3
A53EBAD3-1F82-407A-BCDA-BF1F4B98BE4C,45,3
A5681B02-D3CE-4EF2-82DC-F81F9340A4F7,1,3
A5681B02-D3CE-4EF2-82DC-F81F9340A4F7,3,3
A5681B02-D3CE-4EF2-82DC-F81F9340A4F7,19,3
A5681B02-D3CE-4EF2-82DC-F81F9340A4F7,21,3
A5754D30-2E38-4EDA-958F-3D1916CDD889,34,3
A584F04F-38BE-42E8-8C67-58890B608A3E,6,3
A584F04F-38BE-42E8-8C67-58890B608A3E,43,3
A584F04F-38BE-42E8-8C67-58890B608A3E,50,3
A584F04F-38BE-42E8-8C67-58890B608A3E,54,3
A5985A44-F54C-4317-B052-FE885C631F4B,6,3
A5985A44-F54C-4317-B052-FE885C631F4B,16,3
A5985A44-F54C-4317-B052-FE885C631F4B,36,3
A59EA620-7117-4CA5-98F9-BB69D3755629,1,2
A5A26A46-E8F9-49C8-A951-EF9DD561FB82,1,3
A5A26A46-E8F9-49C8-A951-EF9DD561FB82,7,3
A5A26A46-E8F9-49C8-A951-EF9DD561FB82,29,3
A5A26A46-E8F9-49C8-A951-EF9DD561FB82,37,3
A626B980-04A6-4D5D-AE3A-569BCD6468B6,12,3
A65734B8-B34A-42F4-B324-6EF02AEBADC0,64,2
A6612A2F-BFE9-4A4C-B59A-24F2E1984571,10,2
A671BA9B-2C8B-442D-9AB1-46C019AE1274,27,3
a6c111e0-cde2-4041-bef4-c3b92314fb73,1,3
a6c111e0-cde2-4041-bef4-c3b92314fb73,8,2
a6c111e0-cde2-4041-bef4-c3b92314fb73,23,2
a6c111e0-cde2-4041-bef4-c3b92314fb73,34,3
A6C73817-5048-407A-8B05-8B5B5EAAA236,2,6
a6f5b7dd-9918-4f4e-896b-b1787c32f9bb,99,3
A6FCAE43-F779-4F83-996C-0CE179ECFC2F,51,3
A73F3065-B82D-401B-87C7-885A894F1857,11,2
A73F3065-B82D-401B-87C7-885A894F1857,36,4
A78CF665-0518-4B6E-9D08-763254D1CDC0,10,3
A78CF665-0518-4B6E-9D08-763254D1CDC0,18,5
A78CF665-0518-4B6E-9D08-763254D1CDC0,24,3
A78CF665-0518-4B6E-9D08-763254D1CDC0,33,3
A78CF665-0518-4B6E-9D08-763254D1CDC0,42,3
A78CF665-0518-4B6E-9D08-763254D1CDC0,54,3
A78CF665-0518-4B6E-9D08-763254D1CDC0,80,3
A78CF665-0518-4B6E-9D08-763254D1CDC0,87,3
A78F75FC-52AE-4A0F-882E-D47487DD2ABE,3,3
A78F75FC-52AE-4A0F-882E-D47487DD2ABE,7,3
A78F75FC-52AE-4A0F-882E-D47487DD2ABE,57,3
A79CA108-6CC7-476E-B4DC-CEA5056ADC1C,46,3
A7A5D690-36FF-4C50-90D8-720C1C0BAC62,3,3
A7A5D690-36FF-4C50-90D8-720C1C0BAC62,19,3
A7A6AA8B-B332-465C-9406-79A26195F042,104,3
A7CCBDFA-0904-4312-8768-43537458E802,35,3
A7CCBDFA-0904-4312-8768-43537458E802,56,2
a7ccec4e-5b1a-4361-bab0-7487bafd7af4,4,1
a7ccec4e-5b1a-4361-bab0-7487bafd7af4,10,1
A7DC4B1C-21F5-4FCD-95BF-1D1D491CA75F,20,2
A7DC4B1C-21F5-4FCD-95BF-1D1D491CA75F,82,2
A7E5D526-0C9B-4AC6-868C-B6AA67307C87,8,4
a81f7197-b5f3-490f-b154-89b7f7151439,1,0
a81f7197-b5f3-490f-b154-89b7f7151439,5,0
a81f7197-b5f3-490f-b154-89b7f7151439,8,2
a81f7197-b5f3-490f-b154-89b7f7151439,21,0
a81f7197-b5f3-490f-b154-89b7f7151439,27,0
A8874327-10B6-4BD2-81B2-4F22E827B821,15,2
A8874327-10B6-4BD2-81B2-4F22E827B821,62,3
A8874327-10B6-4BD2-81B2-4F22E827B821,89,3
A8874327-10B6-4BD2-81B2-4F22E827B821,94,0
A8874327-10B6-4BD2-81B2-4F22E827B821,103,2
A8A68720-1C50-40B6-9370-B2407592C4E6,12,3
A91DB9F5-4827-4FB8-AA5E-6E9444389352,15,3
A94654BB-A720-4A47-A876-E63D2AF16389,4,2
A94654BB-A720-4A47-A876-E63D2AF16389,9,2
a947d53f-0864-4b55-8ac5-71ea79369f7f,82,2
A9D03D95-CEFC-45C8-A219-905143EFD4EB,48,3
A9E6FA5A-F01B-438B-9E8E-2DB778865880,10,3
A9E6FA5A-F01B-438B-9E8E-2DB778865880,12,3
A9E85713-B759-4441-B04D-6855964B8D80,13,3
AA2A59AC-39CD-45FB-80BC-79415C2F9422,2,6
AA326172-2EEF-47B5-806B-6F7B3EA91891,11,1
aa40f15d-d8fd-488a-980e-c6ffc15b6606,4,2
aa40f15d-d8fd-488a-980e-c6ffc15b6606,67,2
aa40f15d-d8fd-488a-980e-c6ffc15b6606,111,2
aa81a12c-8e22-4a9f-989f-6798318debc0,23,0
aa81a12c-8e22-4a9f-989f-6798318debc0,28,0
aa81a12c-8e22-4a9f-989f-6798318debc0,29,0
aa81a12c-8e22-4a9f-989f-6798318debc0,60,0
aa81a12c-8e22-4a9f-989f-6798318debc0,76,0
AB3724D4-58A9-47F9-BC08-67111F56A574,4,3
AB3724D4-58A9-47F9-BC08-67111F56A574,42,3
AB3724D4-58A9-47F9-BC08-67111F56A574,47,3
AB43CCE6-D082-4433-88FA-1F16C8EF3CBA,9,3
AB4D0F56-454B-437B-A496-9DE756C3BA99,65,3
AB4D0F56-454B-437B-A496-9DE756C3BA99,77,3
AB7B5AA6-326C-480C-976B-37A03110DE0B,6,3
AB7B5AA6-326C-480C-976B-37A03110DE0B,10,3
AB9B5C1D-FC0C-41C1-A25B-21DD2F6D2C29,22,3
AB9B5C1D-FC0C-41C1-A25B-21DD2F6D2C29,25,2
AB9E5FE7-D9EE-4785-A275-AEC239E97605,1,2
AB9E5FE7-D9EE-4785-A275-AEC239E97605,5,2
AB9E5FE7-D9EE-4785-A275-AEC239E97605,21,2
AB9E5FE7-D9EE-4785-A275-AEC239E97605,27,2
ABAA22F6-CF55-4213-B6D3-A74F7CDD450C,1,3
ABEBE0ED-74BC-4A0C-888F-6218DB7709E3,6,3
ABFE6B95-8144-4516-AD09-0DCCEE60E625,23,2
AC0CD8EC-1F56-4993-A964-617AB4404B9D,5,3
AC0CD8EC-1F56-4993-A964-617AB4404B9D,15,3
AC0CD8EC-1F56-4993-A964-617AB4404B9D,19,3
AC0CD8EC-1F56-4993-A964-617AB4404B9D,20,0
AC0CD8EC-1F56-4993-A964-617AB4404B9D,27,3
AC0CD8EC-1F56-4993-A964-617AB4404B9D,35,3
AC0CD8EC-1F56-4993-A964-617AB4404B9D,37,3
AC0CD8EC-1F56-4993-A964-617AB4404B9D,40,3
AC1E899E-16A8-411C-A1D5-9EDAF4B2F80A,3,3
AC1E899E-16A8-411C-A1D5-9EDAF4B2F80A,8,3
AC1E899E-16A8-411C-A1D5-9EDAF4B2F80A,20,3
AC215219-B1E3-4FD0-B0AA-9F0A1EC7C8F1,16,2
AC215219-B1E3-4FD0-B0AA-9F0A1EC7C8F1,25,2
AC44CF43-809B-471E-9D5C-3829F818BC59,16,3
AC44CF43-809B-471E-9D5C-3829F818BC59,39,3
AC44CF43-809B-471E-9D5C-3829F818BC59,53,3
AC44CF43-809B-471E-9D5C-3829F818BC59,65,3
AC7293C8-8DC2-41AD-824C-CB63F1255366,14,3
AC7293C8-8DC2-41AD-824C-CB63F1255366,21,3
AC7293C8-8DC2-41AD-824C-CB63F1255366,27,3
AC7293C8-8DC2-41AD-824C-CB63F1255366,29,3
AC7293C8-8DC2-41AD-824C-CB63F1255366,46,3
ac7586d2-bb5f-4ccd-a8b6-1ce6abe07aa1,51,2
AC80001A-FF52-4E3F-910F-CEE29AC05BBF,45,2
AC80001A-FF52-4E3F-910F-CEE29AC05BBF,53,2
AC8524E5-012C-46CF-B5FD-81D530C82D45,2,2
AC8524E5-012C-46CF-B5FD-81D530C82D45,5,2
AC8524E5-012C-46CF-B5FD-81D530C82D45,29,3
ACB6D045-CBC0-4A1C-BEF9-72814A594F59,37,3
ACF6870C-7E40-47F8-9291-8BC7F561BF75,35,3
ACF6870C-7E40-47F8-9291-8BC7F561BF75,79,3
AD3DAD90-B35C-4DFB-A2E9-455B100C602D,32,3
AD6F5595-8D1A-46D5-ADA1-4EBF076A5F79,1,3
AD6F5595-8D1A-46D5-ADA1-4EBF076A5F79,3,3
AD6F5595-8D1A-46D5-ADA1-4EBF076A5F79,7,3
AD6F5595-8D1A-46D5-ADA1-4EBF076A5F79,20,3
AD6F5595-8D1A-46D5-ADA1-4EBF076A5F79,28,3
AD6F5595-8D1A-46D5-ADA1-4EBF076A5F79,34,3
AD8D2A68-D395-487D-9F1E-401D0DE174BE,16,2
ADA1EA75-F2AB-45FD-B399-FDEF405D091C,20,3
ADA1EA75-F2AB-45FD-B399-FDEF405D091C,35,3
ADAB93BA-ED68-4514-AA03-20E5159AB3CC,33,3
ADDE6CCF-9A5B-4608-ABD4-B64679B25FB7,8,2
ADFE49DF-AF12-47FC-A2AC-30BD2A1B36F3,11,3
ADFE49DF-AF12-47FC-A2AC-30BD2A1B36F3,47,3
ADFE49DF-AF12-47FC-A2AC-30BD2A1B36F3,59,3
ADFE49DF-AF12-47FC-A2AC-30BD2A1B36F3,63,3
AE36C6EB-27D7-4F92-9705-141CA69EAD09,16,3
AE36C6EB-27D7-4F92-9705-141CA69EAD09,18,3
AE36C6EB-27D7-4F92-9705-141CA69EAD09,42,3
AE36C6EB-27D7-4F92-9705-141CA69EAD09,45,3
AE36C6EB-27D7-4F92-9705-141CA69EAD09,50,3
AE36C6EB-27D7-4F92-9705-141CA69EAD09,63,3
AE42336A-4458-4494-A4F8-CFBC31AB967B,32,3
AE5AAE17-CD72-4E9C-A976-2FCE3121825C,4,3
AE5AAE17-CD72-4E9C-A976-2FCE3121825C,9,3
AE5AAE17-CD72-4E9C-A976-2FCE3121825C,11,3
AE5AAE17-CD72-4E9C-A976-2FCE3121825C,30,3
ae5e6d68-ab0e-4791-8848-6d51947bb9ca,24,3
ae5e6d68-ab0e-4791-8848-6d51947bb9ca,55,3
ae5e6d68-ab0e-4791-8848-6d51947bb9ca,87,3
AE6653E2-B8C9-47D4-89EE-FC94DF10996B,23,3
AEA7C392-BEE7-4378-A5D8-CC439F86C0E9,2,3
AEA7C392-BEE7-4378-A5D8-CC439F86C0E9,29,3
AEAE4077-53D6-49E2-83EE-B8D9BFAC6E7F,2,3
AEAE4077-53D6-49E2-83EE-B8D9BFAC6E7F,21,3
AEE90337-8978-4179-9BD2-441634BD95FA,2,3
AEE90337-8978-4179-9BD2-441634BD95FA,26,3
AEF0EEE9-7359-4FDB-AFEF-126916B8AF56,11,3
AEF0EEE9-7359-4FDB-AFEF-126916B8AF56,30,3
AEF0EEE9-7359-4FDB-AFEF-126916B8AF56,33,3
AEF72171-EB44-4813-9648-758B9EC99D37,11,3
AEF72171-EB44-4813-9648-758B9EC99D37,16,3
aefd8814-5416-45c4-99bb-154f1fa1cb78,1,3
A5E7040C-DF6C-46D7-A4D6-06E796D9E57D,1,3
aefd8814-5416-45c4-99bb-154f1fa1cb78,7,3
aefd8814-5416-45c4-99bb-154f1fa1cb78,34,3
AF2576DE-B922-420E-9418-A298DE062BE5,14,3
AF2576DE-B922-420E-9418-A298DE062BE5,19,3
AF2576DE-B922-420E-9418-A298DE062BE5,21,3
af297864-58d1-47c8-bb12-5db8429d007a,10,0
af297864-58d1-47c8-bb12-5db8429d007a,12,3
af297864-58d1-47c8-bb12-5db8429d007a,30,3
af297864-58d1-47c8-bb12-5db8429d007a,31,3
AF2F29BA-0BBD-4FD1-B4D7-CBB132E08CAD,1,3
AF2F29BA-0BBD-4FD1-B4D7-CBB132E08CAD,14,3
AF2F29BA-0BBD-4FD1-B4D7-CBB132E08CAD,34,3
AF31ADC9-0D26-4A4D-AD9E-9EADCD8E83D8,1,3
AF31ADC9-0D26-4A4D-AD9E-9EADCD8E83D8,20,3
AF31ADC9-0D26-4A4D-AD9E-9EADCD8E83D8,26,3
af3fdd7e-a74e-410d-9441-e6f3c577afc5,1,2
af3fdd7e-a74e-410d-9441-e6f3c577afc5,8,2
AF527CD9-897A-4E10-91DA-D37EDE4005D5,18,3
af88da17-a492-4a7b-96f5-d945015d2c22,17,3
af88da17-a492-4a7b-96f5-d945015d2c22,99,3
af88da17-a492-4a7b-96f5-d945015d2c22,122,3
AFC329EB-8EA3-4822-AD49-F2929E6EF494,11,2
AFC329EB-8EA3-4822-AD49-F2929E6EF494,43,2
AFC329EB-8EA3-4822-AD49-F2929E6EF494,51,2
B049BC80-8492-4243-8543-A7BFD5F0C0CF,2,4
B049BC80-8492-4243-8543-A7BFD5F0C0CF,5,4
B049BC80-8492-4243-8543-A7BFD5F0C0CF,8,4
B049BC80-8492-4243-8543-A7BFD5F0C0CF,74,4
B04A91BC-FA7C-4BEF-B2E9-E258CBBDCCC8,6,2
B04A91BC-FA7C-4BEF-B2E9-E258CBBDCCC8,114,2
B0899492-94C5-4962-AB63-4CDC83B0D98C,13,2
B0958A42-6F2B-41A3-ACCE-9E4C04657DFB,2,0
B0958A42-6F2B-41A3-ACCE-9E4C04657DFB,74,2
b0a3e295-fbc1-4865-856c-24c8efe79c6a,40,1
B0A972F4-0C51-444B-B896-DC012E6202FC,4,3
B0A972F4-0C51-444B-B896-DC012E6202FC,11,3
B0A972F4-0C51-444B-B896-DC012E6202FC,17,3
B0A972F4-0C51-444B-B896-DC012E6202FC,39,3
B0B5E2A6-02CE-44A3-9327-A935AA3F7DFF,13,2
B0B5E2A6-02CE-44A3-9327-A935AA3F7DFF,17,2
B0B5E2A6-02CE-44A3-9327-A935AA3F7DFF,25,2
B0B5E2A6-02CE-44A3-9327-A935AA3F7DFF,30,2
B0B5E2A6-02CE-44A3-9327-A935AA3F7DFF,43,2
B0B8D50B-13EC-44C2-82E3-B139B2173417,8,2
B0B8D50B-13EC-44C2-82E3-B139B2173417,37,2
B0CB2300-0598-4F3E-8123-76B67659154C,42,3
B0D20E0A-9730-4C2D-BE11-89945B2518B5,9,2
B0EFB3FA-EE7F-47A6-BDBC-F82DBE78808D,21,3
b104fb33-7462-49d2-8a44-ac26b4cebd44,33,4
B108BD96-7327-4EC4-8923-E55476E0BF58,1,3
B108BD96-7327-4EC4-8923-E55476E0BF58,46,3
B14B92B8-2FE8-4566-9D14-5B41463A4F49,9,3
B14B92B8-2FE8-4566-9D14-5B41463A4F49,10,3
B14B92B8-2FE8-4566-9D14-5B41463A4F49,16,0
B14B92B8-2FE8-4566-9D14-5B41463A4F49,36,3
B194CB4F-B74E-49E5-A745-66BDF2715DB9,19,3
b1a29ef2-0b65-4e24-af5e-0be79944cd97,1,
B1ABCC60-628B-450D-BAE0-47E24FEB265F,4,2
B1ABCC60-628B-450D-BAE0-47E24FEB265F,6,2
B1ABCC60-628B-450D-BAE0-47E24FEB265F,32,0
B1C76BE9-09C2-42E8-9A85-D47C810080B7,12,2
B1C76BE9-09C2-42E8-9A85-D47C810080B7,18,0
B1C76BE9-09C2-42E8-9A85-D47C810080B7,43,2
B1FD59F4-EDC1-41E1-B4F2-E5407B24D906,15,3
b2173b17-fb2e-4d1a-be08-c0ee20ef5ce5,4,1
b2173b17-fb2e-4d1a-be08-c0ee20ef5ce5,43,1
b2173b17-fb2e-4d1a-be08-c0ee20ef5ce5,53,1
b2173b17-fb2e-4d1a-be08-c0ee20ef5ce5,64,1
B22B0C98-13FB-4416-9DCB-8B6D4AB8B6D8,3,2
B238D971-82FE-41E8-B5B1-1275A5446B13,3,3
B2B71E63-ABF5-4235-84EE-5F3B970017EB,52,3
b2d0a53d-63e5-44b9-8574-90b0c0c104b8,35,2
b2d0a53d-63e5-44b9-8574-90b0c0c104b8,41,2
b2d0a53d-63e5-44b9-8574-90b0c0c104b8,84,2
B2D4D013-1DBD-46EC-8672-5986134BF806,12,3
B2D4D013-1DBD-46EC-8672-5986134BF806,16,3
B2D4D013-1DBD-46EC-8672-5986134BF806,22,3
B2D70C25-6020-4305-B912-79D94FA26698,14,3
B2D70C25-6020-4305-B912-79D94FA26698,34,3
B2E16453-49C4-43A0-B789-6AF7BE6B158F,7,1
B2E16453-49C4-43A0-B789-6AF7BE6B158F,35,1
B31C5951-E4AF-497B-ADE1-68423C3D0AFA,2,0
B31C5951-E4AF-497B-ADE1-68423C3D0AFA,3,0
B31C5951-E4AF-497B-ADE1-68423C3D0AFA,5,0
B31C5951-E4AF-497B-ADE1-68423C3D0AFA,7,0
B31C5951-E4AF-497B-ADE1-68423C3D0AFA,20,0
B31C5951-E4AF-497B-ADE1-68423C3D0AFA,21,0
B33697EF-2762-425D-8B44-D5B8F02CD954,82,4
B33697EF-2762-425D-8B44-D5B8F02CD954,88,4
B3510BAA-FEFA-48B0-813B-66A4D74338D2,31,3
B3510BAA-FEFA-48B0-813B-66A4D74338D2,48,3
B3B5DFD6-DE42-4929-B25D-69597C0D3D36,7,1
B3BD6CE2-A53A-485B-B449-488200FC7C5F,4,3
B3BD6CE2-A53A-485B-B449-488200FC7C5F,9,3
B3BD6CE2-A53A-485B-B449-488200FC7C5F,10,3
B3BD6CE2-A53A-485B-B449-488200FC7C5F,11,3
B3BD6CE2-A53A-485B-B449-488200FC7C5F,16,3
B3BD6CE2-A53A-485B-B449-488200FC7C5F,33,3
B3BD6CE2-A53A-485B-B449-488200FC7C5F,38,3
b3c7244e-1d05-48f2-be22-9225a66c9c27,1,2
b3c7244e-1d05-48f2-be22-9225a66c9c27,2,6
b3c7244e-1d05-48f2-be22-9225a66c9c27,20,1
B3C77EE4-A0E6-4EAD-A18B-8597A07F4F3E,1,4
B3CCDC0E-BD44-4539-A916-A817358090FD,11,2
B3CCDC0E-BD44-4539-A916-A817358090FD,17,2
B3CCDC0E-BD44-4539-A916-A817358090FD,24,2
B3CCDC0E-BD44-4539-A916-A817358090FD,52,2
B3E30542-1DE8-48E6-8E53-BFFF6451DDA8,5,2
B3E30542-1DE8-48E6-8E53-BFFF6451DDA8,15,2
B3E30542-1DE8-48E6-8E53-BFFF6451DDA8,19,0
B3E3CB53-9FD5-4D8F-8A5C-BCA52A871C66,43,2
B3E3CB53-9FD5-4D8F-8A5C-BCA52A871C66,55,2
B4034352-3034-42D1-B5C3-3B6C23293D62,2,3
B4034352-3034-42D1-B5C3-3B6C23293D62,37,3
B459A47F-243B-47CB-8614-BFA864C5A564,2,2
B459A47F-243B-47CB-8614-BFA864C5A564,7,4
B459A47F-243B-47CB-8614-BFA864C5A564,21,4
B459A47F-243B-47CB-8614-BFA864C5A564,26,4
B46AC4B3-2B16-4073-BDE4-76B9F2879970,19,2
b46b746e-6789-4118-8bc9-1c311b2596a6,4,1
B4AA16B1-3741-487D-ACBA-2E7E91021F3C,49,3
B4B5E322-270B-472B-9F40-985E6DA18AC6,16,2
B4B5E322-270B-472B-9F40-985E6DA18AC6,55,2
B4B5E322-270B-472B-9F40-985E6DA18AC6,63,2
B4D3F420-5D5E-487E-8154-536E379E4F0E,2,0
B4D3F420-5D5E-487E-8154-536E379E4F0E,8,3
B4D3F420-5D5E-487E-8154-536E379E4F0E,20,3
B4D3F420-5D5E-487E-8154-536E379E4F0E,78,3
E2A06334-A4EB-47F4-A3A7-50B15D2C6551,38,3
B4D865A7-F0D9-4E62-BAE4-381578A36CCE,32,3
B4D865A7-F0D9-4E62-BAE4-381578A36CCE,44,3
B4E623E2-2F06-4332-BFE5-A273AE055AD5,6,3
B4E623E2-2F06-4332-BFE5-A273AE055AD5,11,3
B4E623E2-2F06-4332-BFE5-A273AE055AD5,25,1
B4E623E2-2F06-4332-BFE5-A273AE055AD5,30,1
B4E623E2-2F06-4332-BFE5-A273AE055AD5,31,0
B4E623E2-2F06-4332-BFE5-A273AE055AD5,33,0
B4E623E2-2F06-4332-BFE5-A273AE055AD5,36,1
B4EBB73C-8F02-44DC-ACB2-A71CF8D8F604,1,3
B4EBB73C-8F02-44DC-ACB2-A71CF8D8F604,7,3
B4EBB73C-8F02-44DC-ACB2-A71CF8D8F604,20,3
B4EBB73C-8F02-44DC-ACB2-A71CF8D8F604,29,3
B56D8590-805F-443E-B84D-3C6BF394B841,11,3
B56D8590-805F-443E-B84D-3C6BF394B841,17,3
B56D8590-805F-443E-B84D-3C6BF394B841,25,3
B56D8590-805F-443E-B84D-3C6BF394B841,30,3
B586D4F4-9FDB-4B43-BC70-14E1E8C83B38,21,3
B586D4F4-9FDB-4B43-BC70-14E1E8C83B38,41,3
B596DC79-43B9-4404-A0FF-130A43103D10,6,3
B596DC79-43B9-4404-A0FF-130A43103D10,10,3
B5B5AC6F-1A6F-44EA-8D6E-FEE5AE9E8A38,2,2
B5B5AC6F-1A6F-44EA-8D6E-FEE5AE9E8A38,7,6
B5B5AC6F-1A6F-44EA-8D6E-FEE5AE9E8A38,34,2
B5C447A0-B71A-4495-872B-354B51679C3B,3,3
B5C447A0-B71A-4495-872B-354B51679C3B,35,3
b5d26bac-019f-4b66-b1ab-63803fa56730,142,3
B5F93C70-171C-4932-8A07-8467C4A3BFA2,19,0
B5F93C70-171C-4932-8A07-8467C4A3BFA2,61,2
B5FD2102-B6DE-485F-95D3-73E796F2DAFC,23,3
B5FD2102-B6DE-485F-95D3-73E796F2DAFC,29,3
B5FD2102-B6DE-485F-95D3-73E796F2DAFC,34,3
B601AF3A-22C5-4B21-AD85-E7347DA9B6D9,3,3
B601AF3A-22C5-4B21-AD85-E7347DA9B6D9,7,3
B601AF3A-22C5-4B21-AD85-E7347DA9B6D9,15,3
B605CC8F-DF65-48C1-AFB7-40FB24008F41,37,2
B605CC8F-DF65-48C1-AFB7-40FB24008F41,41,2
B612700D-29F9-47D1-89D0-1CD4805F45E0,1,3
B612700D-29F9-47D1-89D0-1CD4805F45E0,7,3
B6150BC4-0813-4A8F-A1FF-FA2C38E50625,37,3
B6150BC4-0813-4A8F-A1FF-FA2C38E50625,46,3
B63A13E3-D591-4384-AF77-64EF968CCF09,44,3
B64518F4-88C5-4AAA-8939-EED57B5D5CBB,4,3
B64518F4-88C5-4AAA-8939-EED57B5D5CBB,9,3
B64518F4-88C5-4AAA-8939-EED57B5D5CBB,18,3
b6dcf34a-3326-4abe-8b87-47b150590a71,7,3
b6dcf34a-3326-4abe-8b87-47b150590a71,20,3
b6dcf34a-3326-4abe-8b87-47b150590a71,27,3
B6DFA5CA-B6C0-49BF-9BBD-B538395A30F9,2,2
B6DFA5CA-B6C0-49BF-9BBD-B538395A30F9,41,2
B700CE8E-47E4-4390-8040-70437BDFFA4D,2,0
B700CE8E-47E4-4390-8040-70437BDFFA4D,3,0
B700CE8E-47E4-4390-8040-70437BDFFA4D,5,0
B700CE8E-47E4-4390-8040-70437BDFFA4D,8,0
B700CE8E-47E4-4390-8040-70437BDFFA4D,20,0
B700CE8E-47E4-4390-8040-70437BDFFA4D,29,0
B700CE8E-47E4-4390-8040-70437BDFFA4D,41,0
B74A0E9B-F18C-4782-A1C2-6B07BEBA6B20,6,3
B74A0E9B-F18C-4782-A1C2-6B07BEBA6B20,11,3
B74A0E9B-F18C-4782-A1C2-6B07BEBA6B20,32,3
B74A0E9B-F18C-4782-A1C2-6B07BEBA6B20,39,3
B74A0E9B-F18C-4782-A1C2-6B07BEBA6B20,47,3
B7682953-DCF9-4F62-B9E6-EF99551DE392,4,3
B7682953-DCF9-4F62-B9E6-EF99551DE392,6,3
B7682953-DCF9-4F62-B9E6-EF99551DE392,12,1
B7682953-DCF9-4F62-B9E6-EF99551DE392,13,1
B7682953-DCF9-4F62-B9E6-EF99551DE392,16,3
B7682953-DCF9-4F62-B9E6-EF99551DE392,22,3
B7682953-DCF9-4F62-B9E6-EF99551DE392,24,6
B777DBDE-BEDF-46FE-ADC8-B0CA69FC8328,5,3
b7a760c2-75ab-421e-baa8-4468cf1343c9,59,1
B83D8FE4-3A22-4F24-BD08-D812D9337B80,14,3
B83D8FE4-3A22-4F24-BD08-D812D9337B80,19,0
B83D8FE4-3A22-4F24-BD08-D812D9337B80,20,3
B858AF23-505F-422A-A5D0-0138F04D14DE,2,0
B858AF23-505F-422A-A5D0-0138F04D14DE,29,2
B858AF23-505F-422A-A5D0-0138F04D14DE,40,2
B869B766-E7DD-4D4D-8C20-539C963530E5,5,2
B869B766-E7DD-4D4D-8C20-539C963530E5,21,2
B869B766-E7DD-4D4D-8C20-539C963530E5,26,2
b8706ecb-8c40-44a6-bc45-8233a6e38a60,4,0
b8706ecb-8c40-44a6-bc45-8233a6e38a60,6,0
b8706ecb-8c40-44a6-bc45-8233a6e38a60,9,1
b8706ecb-8c40-44a6-bc45-8233a6e38a60,32,1
b8706ecb-8c40-44a6-bc45-8233a6e38a60,36,0
b8706ecb-8c40-44a6-bc45-8233a6e38a60,72,1
b8706ecb-8c40-44a6-bc45-8233a6e38a60,111,1
b8706ecb-8c40-44a6-bc45-8233a6e38a60,113,1
b8706ecb-8c40-44a6-bc45-8233a6e38a60,144,1
b8706ecb-8c40-44a6-bc45-8233a6e38a60,173,1
B87CEB1F-8C71-4ABF-A43E-1977D0630861,12,3
B87CEB1F-8C71-4ABF-A43E-1977D0630861,18,3
B8F65F70-C9EA-4099-B484-C4715D74990D,1,3
B8FB16C4-60AF-47B7-9E5B-95B0CD3CE8A4,30,2
B900AE3F-E692-4BFB-96B2-5C5C608513F7,1,3
B9148954-0AD1-46D8-8B3C-FEF4EE332253,1,2
B92BC40F-3C53-4592-BD8D-643EDB14CBAE,9,3
B92BC40F-3C53-4592-BD8D-643EDB14CBAE,11,3
B96896EC-4A11-4D9A-856B-40D0A276BA65,23,2
b99c5c78-a8b7-4e0c-9c7b-469421971bb6,1,
b9a0e4cb-8ebe-4244-a6ba-fef3af1b12dc,19,3
B9C395C6-CF69-4BF4-BE16-04C6A070DE80,12,3
B9C395C6-CF69-4BF4-BE16-04C6A070DE80,25,3
B9C395C6-CF69-4BF4-BE16-04C6A070DE80,39,3
B9C395C6-CF69-4BF4-BE16-04C6A070DE80,64,3
B9F21399-2649-4BC9-84AF-64FF3D417006,19,2
BA3B2F60-3F8F-4408-9333-D85853BDFB3F,2,3
BA3B2F60-3F8F-4408-9333-D85853BDFB3F,5,3
BA3B2F60-3F8F-4408-9333-D85853BDFB3F,15,3
BA4CE094-5F02-4BBD-B85C-8D8E0DE0C02C,1,3
BA4CE094-5F02-4BBD-B85C-8D8E0DE0C02C,8,3
BA4CE094-5F02-4BBD-B85C-8D8E0DE0C02C,14,3
ba59d06d-0093-4e7c-b35f-1b533e37d5dc,55,3
ba59d06d-0093-4e7c-b35f-1b533e37d5dc,64,3
BA748806-822F-4F16-B698-902A18EDE674,10,2
BA96C0B7-D7E6-4DEB-85DC-DC208F7EFB10,37,1
BAB000C3-A3FF-4B30-83F9-9436959466F4,6,3
BAD1CEF4-FAEA-4228-A5BA-37F0D7EF1A28,10,3
BAD1CEF4-FAEA-4228-A5BA-37F0D7EF1A28,16,3
BAD1CEF4-FAEA-4228-A5BA-37F0D7EF1A28,24,3
BB3FBC32-A3D1-4B85-B33F-029665E5C57E,23,3
BB3FBC32-A3D1-4B85-B33F-029665E5C57E,28,3
BB3FBC32-A3D1-4B85-B33F-029665E5C57E,35,3
BB4A4EA3-F49D-41AC-867E-320FC1354716,1,2
BB4A4EA3-F49D-41AC-867E-320FC1354716,7,2
BB4A69EF-FBF8-4050-B215-44AFD8E5D106,42,3
BB4A69EF-FBF8-4050-B215-44AFD8E5D106,53,3
BBA34C2F-B904-4459-A55A-810AE72F3088,25,4
BBAAB322-47AC-4378-9E0C-14232530F659,7,3
BBAAB322-47AC-4378-9E0C-14232530F659,23,3
BBAAB322-47AC-4378-9E0C-14232530F659,28,3
BBC27666-E478-4EF1-A121-DB200360F75C,11,2
BBC27666-E478-4EF1-A121-DB200360F75C,66,2
BBE0319C-76C0-4E91-A1C2-654FEA2C2871,22,5
BBE0319C-76C0-4E91-A1C2-654FEA2C2871,31,2
BBE0319C-76C0-4E91-A1C2-654FEA2C2871,45,2
BBE0319C-76C0-4E91-A1C2-654FEA2C2871,50,2
bbfb9693-1691-4752-bc3f-2187053ce3d7,8,2
BBFDEFD2-4CD0-47A7-A122-1352426D83E2,31,0
BBFDEFD2-4CD0-47A7-A122-1352426D83E2,63,1
BC06CA4D-D261-4F07-A885-D79911D031E5,8,2
BC28A5A9-CE59-4D0C-BDC7-0784948BEBC2,1,3
BC28A5A9-CE59-4D0C-BDC7-0784948BEBC2,7,3
BC28A5A9-CE59-4D0C-BDC7-0784948BEBC2,21,3
BC28A5A9-CE59-4D0C-BDC7-0784948BEBC2,28,3
BC28A5A9-CE59-4D0C-BDC7-0784948BEBC2,96,3
BC5CCFBB-5EC9-411A-97B8-26473280A429,2,2
BC7B388A-91F2-4D56-9642-6BFBEC55A6D2,11,3
BC7B388A-91F2-4D56-9642-6BFBEC55A6D2,53,3
BC9A1A9D-4405-4735-B8FD-C7C828E8A94D,2,2
BC9A1A9D-4405-4735-B8FD-C7C828E8A94D,23,2
BC9A1A9D-4405-4735-B8FD-C7C828E8A94D,28,2
BC9A1A9D-4405-4735-B8FD-C7C828E8A94D,35,2
BCC2F378-9821-48D4-A226-1E6950FF64A3,25,2
BCC2F378-9821-48D4-A226-1E6950FF64A3,33,2
BCC2F378-9821-48D4-A226-1E6950FF64A3,47,0
BCF3E6B9-D2EB-4595-9A38-BE489C7F8877,7,3
BCF3E6B9-D2EB-4595-9A38-BE489C7F8877,14,3
BCF3E6B9-D2EB-4595-9A38-BE489C7F8877,20,3
BCF3E6B9-D2EB-4595-9A38-BE489C7F8877,75,3
BD3875CA-4285-4C10-B002-693C171F0F99,1,3
BD3CE2E1-FF48-44A1-AB32-980C4CA1022C,28,3
BD58B3B3-DF60-4176-A77C-4B05AC9A504A,13,3
BD58B3B3-DF60-4176-A77C-4B05AC9A504A,43,3
BD5B5EB7-6653-4B1B-B1BA-DD3C3B5A0221,16,4
bd67fac5-513a-4cc7-84fa-117e95d7dc81,32,3
bd67fac5-513a-4cc7-84fa-117e95d7dc81,45,3
bd67fac5-513a-4cc7-84fa-117e95d7dc81,64,3
BD699488-E94A-47AC-9DC4-30EE2E7916A4,44,0
bda6e825-d3b0-49a2-9956-240d3e8894cb,165,3
BDAB43E0-A14D-43C3-AACF-B17F69141C6A,13,3
BDBB118E-94AA-489C-B508-651C50688FF8,7,0
BDBB118E-94AA-489C-B508-651C50688FF8,8,0
BDBB118E-94AA-489C-B508-651C50688FF8,14,0
BDBB118E-94AA-489C-B508-651C50688FF8,19,0
BDBB118E-94AA-489C-B508-651C50688FF8,20,0
BDBB118E-94AA-489C-B508-651C50688FF8,26,0
BDBB118E-94AA-489C-B508-651C50688FF8,28,0
BDBB118E-94AA-489C-B508-651C50688FF8,40,0
bdc29ac8-627e-44b5-a419-624c138edb1b,11,2
bdc29ac8-627e-44b5-a419-624c138edb1b,80,0
bdc29ac8-627e-44b5-a419-624c138edb1b,92,6
bdc29ac8-627e-44b5-a419-624c138edb1b,98,2
BDC2C279-6A5E-4088-8D8D-D8F38C1BD888,28,3
BDC2C279-6A5E-4088-8D8D-D8F38C1BD888,35,3
BDC2C279-6A5E-4088-8D8D-D8F38C1BD888,46,3
BDEFAE44-1407-4896-9306-744AB65A916A,7,3
BDEFAE44-1407-4896-9306-744AB65A916A,19,3
BDEFAE44-1407-4896-9306-744AB65A916A,26,3
BE03A531-AE97-4445-8D67-44E20E5E97E6,33,3
BE03A531-AE97-4445-8D67-44E20E5E97E6,51,3
BE0BE4E9-9270-41C5-BE65-42FBA3D7FD14,10,3
BE0BE4E9-9270-41C5-BE65-42FBA3D7FD14,12,3
BE0BE4E9-9270-41C5-BE65-42FBA3D7FD14,31,3
BE0BE4E9-9270-41C5-BE65-42FBA3D7FD14,33,3
BE0BE4E9-9270-41C5-BE65-42FBA3D7FD14,38,3
BE0BE4E9-9270-41C5-BE65-42FBA3D7FD14,45,3
BE392F61-9CCF-4A20-85A8-4AC2C2C6805B,6,3
BE392F61-9CCF-4A20-85A8-4AC2C2C6805B,10,3
BE392F61-9CCF-4A20-85A8-4AC2C2C6805B,13,3
BE392F61-9CCF-4A20-85A8-4AC2C2C6805B,25,3
BE392F61-9CCF-4A20-85A8-4AC2C2C6805B,31,3
BE6DE14A-74D8-4D3E-B806-9F849B654199,38,2
BE6DE14A-74D8-4D3E-B806-9F849B654199,44,2
BE89CD6A-7EDD-42DB-97C0-40177A8FC197,18,3
BE89CD6A-7EDD-42DB-97C0-40177A8FC197,31,3
bea0a860-0e48-4c95-ab57-e73db77b1063,22,1
bea0a860-0e48-4c95-ab57-e73db77b1063,24,1
bea0a860-0e48-4c95-ab57-e73db77b1063,67,1
BEA4589B-C166-46EE-90A4-0C38EB519CA2,2,2
BEA4589B-C166-46EE-90A4-0C38EB519CA2,14,3
BEA4589B-C166-46EE-90A4-0C38EB519CA2,14,3
BEA4589B-C166-46EE-90A4-0C38EB519CA2,20,2
BEA4589B-C166-46EE-90A4-0C38EB519CA2,27,2
BEA4589B-C166-46EE-90A4-0C38EB519CA2,29,2
BED1C6F9-25AB-4D75-B7CE-E862CE8421E0,14,3
BED1C6F9-25AB-4D75-B7CE-E862CE8421E0,23,3
BED1C6F9-25AB-4D75-B7CE-E862CE8421E0,56,3
BED77666-1B65-4D86-98E9-E7807B504091,13,3
BED77666-1B65-4D86-98E9-E7807B504091,44,3
BED77666-1B65-4D86-98E9-E7807B504091,48,3
BED77666-1B65-4D86-98E9-E7807B504091,81,3
BEDA739A-338D-4B50-9603-255F31FFEB3C,12,2
BEDA739A-338D-4B50-9603-255F31FFEB3C,54,2
BF04ABB3-1492-4055-85BF-5BA296A6F6B6,24,2
BF63F9A1-8405-4E90-AA17-23992ECE634D,48,0
BF890F46-591F-4CC1-9539-A962726295E7,1,6
BF890F46-591F-4CC1-9539-A962726295E7,14,3
BF890F46-591F-4CC1-9539-A962726295E7,20,3
BF890F46-591F-4CC1-9539-A962726295E7,29,3
BF890F46-591F-4CC1-9539-A962726295E7,34,3
BF8D828F-6429-461B-A5C5-6EFCC80C2654,3,3
BF8D828F-6429-461B-A5C5-6EFCC80C2654,15,3
BF8D828F-6429-461B-A5C5-6EFCC80C2654,23,3
bfdef86b-97a3-4925-8831-1995561eb40c,7,3
BFDF105D-B334-4E5D-B103-3BEB609E5A2A,46,3
BFDF105D-B334-4E5D-B103-3BEB609E5A2A,69,3
BFDF105D-B334-4E5D-B103-3BEB609E5A2A,74,3
C0155528-208F-454F-8399-B568D4AB12A3,5,2
C0155528-208F-454F-8399-B568D4AB12A3,19,2
C0155528-208F-454F-8399-B568D4AB12A3,23,2
C01C1E7F-4F9D-4F1A-9A93-85D4CD029356,8,2
C042DA46-6410-4BA9-A2BC-2F1B5AD4C9AD,6,1
C042DA46-6410-4BA9-A2BC-2F1B5AD4C9AD,13,1
C042DA46-6410-4BA9-A2BC-2F1B5AD4C9AD,16,1
C042DA46-6410-4BA9-A2BC-2F1B5AD4C9AD,17,1
C042DA46-6410-4BA9-A2BC-2F1B5AD4C9AD,30,3
C042DA46-6410-4BA9-A2BC-2F1B5AD4C9AD,31,0
C08A37B6-FFCC-4EDA-8C93-6025ADE783F2,4,2
C08A37B6-FFCC-4EDA-8C93-6025ADE783F2,12,3
C08A37B6-FFCC-4EDA-8C93-6025ADE783F2,22,2
C08A37B6-FFCC-4EDA-8C93-6025ADE783F2,30,3
C08FD4E2-7EC3-4A04-B07F-1377F4D15F11,2,3
C08FD4E2-7EC3-4A04-B07F-1377F4D15F11,7,3
C08FD4E2-7EC3-4A04-B07F-1377F4D15F11,35,3
C0AFCEA7-3FEE-4820-A533-A64A3A243587,21,3
C0AFCEA7-3FEE-4820-A533-A64A3A243587,57,3
C0B97F4A-F67A-4843-B1FB-1930E986F6F3,4,2
C0B97F4A-F67A-4843-B1FB-1930E986F6F3,11,2
C0B97F4A-F67A-4843-B1FB-1930E986F6F3,16,2
C0B97F4A-F67A-4843-B1FB-1930E986F6F3,25,2
C0BAB470-3DCE-460C-B3E4-59B563EDDD49,4,3
C0BAB470-3DCE-460C-B3E4-59B563EDDD49,33,3
C0BF606E-90DC-459D-BAE5-A9FD48A0B1E5,9,3
C0BF606E-90DC-459D-BAE5-A9FD48A0B1E5,11,0
C0BF606E-90DC-459D-BAE5-A9FD48A0B1E5,13,3
C0BF606E-90DC-459D-BAE5-A9FD48A0B1E5,16,0
C0BF606E-90DC-459D-BAE5-A9FD48A0B1E5,18,0
C0BF606E-90DC-459D-BAE5-A9FD48A0B1E5,22,0
C0BF606E-90DC-459D-BAE5-A9FD48A0B1E5,32,0
C0BF606E-90DC-459D-BAE5-A9FD48A0B1E5,36,0
c0d9f688-1273-4c97-b2c0-2d6f02816c78,78,3
C0F66A1E-0786-4990-B311-5B7B2189B4A9,2,3
C14794C3-4805-4223-82C8-7EFBF7865215,1,3
C14794C3-4805-4223-82C8-7EFBF7865215,19,3
C14794C3-4805-4223-82C8-7EFBF7865215,35,3
C16F9BA1-E1BC-485F-A6EE-D9C438C88C41,29,3
C2256FA0-E359-41CD-ACED-C10F228242BD,7,0
C2554ADD-13B3-4970-9AE4-65383AF51110,10,3
C2554ADD-13B3-4970-9AE4-65383AF51110,32,3
C2B182CF-0385-4982-BFFF-C5636C7F6307,1,3
C2B182CF-0385-4982-BFFF-C5636C7F6307,28,3
C2B182CF-0385-4982-BFFF-C5636C7F6307,34,0
c2bb6d41-0cd1-495f-856f-05056a7d91e3,123,4
c2bb6d41-0cd1-495f-856f-05056a7d91e3,145,4
C2E7A5DF-E30B-4A1A-BA05-590A6C358D13,1,3
C2F9D40C-B1A6-48B7-B626-E2BD4CFA64C6,5,3
C3027025-CAF9-4D09-9424-93EC9B7019CB,1,2
C3027025-CAF9-4D09-9424-93EC9B7019CB,14,2
C307B06F-1CCC-4282-B387-7011FBACCBE0,11,6
C3A44C07-4B59-4BC5-BED2-D398883EBA3F,2,3
C307B06F-1CCC-4282-B387-7011FBACCBE0,17,6
C307B06F-1CCC-4282-B387-7011FBACCBE0,42,6
C307B06F-1CCC-4282-B387-7011FBACCBE0,51,6
c3422b3f-a138-4b45-bd6a-dcf5a89687b2,18,0
c3422b3f-a138-4b45-bd6a-dcf5a89687b2,70,0
c3422b3f-a138-4b45-bd6a-dcf5a89687b2,77,0
C3A44C07-4B59-4BC5-BED2-D398883EBA3F,8,3
C3A44C07-4B59-4BC5-BED2-D398883EBA3F,14,3
C3A44C07-4B59-4BC5-BED2-D398883EBA3F,19,3
C3A44C07-4B59-4BC5-BED2-D398883EBA3F,34,3
C3A710C5-0C49-4C8A-8F17-4FEADFC0F594,15,2
C3AB6DC8-2FCF-4343-A842-64DEC2FB92E3,2,0
C3AB6DC8-2FCF-4343-A842-64DEC2FB92E3,5,0
C3AB6DC8-2FCF-4343-A842-64DEC2FB92E3,14,2
C3AB6DC8-2FCF-4343-A842-64DEC2FB92E3,21,2
C3B2EFDA-A591-4FB4-967B-0E8395F8550F,1,3
C3B2EFDA-A591-4FB4-967B-0E8395F8550F,5,3
C3B2EFDA-A591-4FB4-967B-0E8395F8550F,14,3
C3B63196-8BDA-404F-8DFF-49E5ED08A0D8,2,2
C3B63196-8BDA-404F-8DFF-49E5ED08A0D8,20,2
C3B63196-8BDA-404F-8DFF-49E5ED08A0D8,28,2
C3B91EDB-1129-40DC-A598-0D5E3091EABE,9,3
C3B91EDB-1129-40DC-A598-0D5E3091EABE,52,3
C3B91EDB-1129-40DC-A598-0D5E3091EABE,86,3
C3CB32B4-8BE5-44EB-AC9A-B53E6B7EB715,2,3
C3CDC74B-592B-45F3-A528-A508C4FFE552,15,3
C3CDC74B-592B-45F3-A528-A508C4FFE552,35,3
C3DA1066-5918-4E23-9B7F-471D9626D071,7,1
C3FBA3AA-1306-4CF6-AB06-44BEF253D80F,21,2
c42f03fc-f685-496e-a7fe-d15034fb3dae,91,3
C4392B4E-8522-46B8-8A6B-B3D845B68EEB,2,3
C44B67FA-6D0F-4416-8DF4-214CBBC54E09,2,2
C44B67FA-6D0F-4416-8DF4-214CBBC54E09,23,2
C44B67FA-6D0F-4416-8DF4-214CBBC54E09,40,3
C4621FDA-1E04-4175-86CC-164BD12A32CC,1,2
C4621FDA-1E04-4175-86CC-164BD12A32CC,5,2
c4b1046b-f47d-4257-beb1-1e454e84ffd2,22,3
c4b1046b-f47d-4257-beb1-1e454e84ffd2,38,3
c4b1046b-f47d-4257-beb1-1e454e84ffd2,53,3
C4B31078-67D4-4A39-B8B7-3BBDEC563B7A,13,3
C4C645B8-337A-4AE2-86B9-70F4617ACCED,11,2
C4C645B8-337A-4AE2-86B9-70F4617ACCED,22,2
C4C645B8-337A-4AE2-86B9-70F4617ACCED,24,2
C4FADEEB-C471-4AC7-9410-5EA3E304532C,2,0
C4FADEEB-C471-4AC7-9410-5EA3E304532C,3,0
C4FADEEB-C471-4AC7-9410-5EA3E304532C,8,0
C4FADEEB-C471-4AC7-9410-5EA3E304532C,14,0
C4FADEEB-C471-4AC7-9410-5EA3E304532C,15,0
C4FADEEB-C471-4AC7-9410-5EA3E304532C,19,0
C4FADEEB-C471-4AC7-9410-5EA3E304532C,20,0
C4FADEEB-C471-4AC7-9410-5EA3E304532C,21,0
C4FADEEB-C471-4AC7-9410-5EA3E304532C,23,0
C4FADEEB-C471-4AC7-9410-5EA3E304532C,27,0
C4FADEEB-C471-4AC7-9410-5EA3E304532C,28,0
c4fc37bc-0902-4c7b-bf72-91591b41b029,2,3
c4fc37bc-0902-4c7b-bf72-91591b41b029,15,1
c4fc37bc-0902-4c7b-bf72-91591b41b029,23,1
c4fc37bc-0902-4c7b-bf72-91591b41b029,61,3
c4fc37bc-0902-4c7b-bf72-91591b41b029,62,3
C505CB07-D402-4956-8CF7-66E9A67E1902,32,3
C505CB07-D402-4956-8CF7-66E9A67E1902,38,3
C524A24A-E900-4FCB-B1D7-C15BCBE6A65B,1,3
C524A24A-E900-4FCB-B1D7-C15BCBE6A65B,15,3
C5415648-B27F-46BA-8993-203BE0E4B95B,6,3
C5415648-B27F-46BA-8993-203BE0E4B95B,12,2
C5415648-B27F-46BA-8993-203BE0E4B95B,30,2
C5530512-7031-4756-999E-F34A300AFD07,9,3
C5530512-7031-4756-999E-F34A300AFD07,30,3
C5530512-7031-4756-999E-F34A300AFD07,32,3
C5530512-7031-4756-999E-F34A300AFD07,39,3
C56A6211-1F2D-43C0-8D1A-2CFB8B530272,37,2
C56A6211-1F2D-43C0-8D1A-2CFB8B530272,61,0
C57A89C2-E01D-426C-B819-31F78CEE7C15,7,3
C5C7039A-6B14-4AC1-BC8B-B3EA68D07DFA,4,2
C5C7039A-6B14-4AC1-BC8B-B3EA68D07DFA,10,3
C5C7039A-6B14-4AC1-BC8B-B3EA68D07DFA,10,2
C5C7039A-6B14-4AC1-BC8B-B3EA68D07DFA,31,2
C5C7039A-6B14-4AC1-BC8B-B3EA68D07DFA,48,2
C620894E-3DCE-49BE-9DA0-FC9E1F0EE872,95,3
C620894E-3DCE-49BE-9DA0-FC9E1F0EE872,149,3
C6426E4B-7D24-4D90-B876-A451E2A98B09,14,2
C6426E4B-7D24-4D90-B876-A451E2A98B09,20,2
C67F2786-104D-4D50-89FB-66B258985ACD,37,3
c687688d-54ad-4eff-b22f-cd20b2f855d9,12,2
c687688d-54ad-4eff-b22f-cd20b2f855d9,33,2
C6A844AA-78B3-4B16-AE2C-F26A63AC69D4,1,3
C6A844AA-78B3-4B16-AE2C-F26A63AC69D4,40,3
c6e009b4-dec0-4636-9a1f-56a092699097,3,3
C6F021B7-F137-4CB3-B8A7-B2681D3F606E,3,3
C6FDC17C-14FB-415D-A3A7-5DF9E9E18583,10,3
C6FDC17C-14FB-415D-A3A7-5DF9E9E18583,30,3
c7572e3d-ce54-4119-bcce-0c929470b78b,6,1
C7538DF5-442C-4CA0-B776-EB9AF04394B2,8,3
c7572e3d-ce54-4119-bcce-0c929470b78b,10,1
c7572e3d-ce54-4119-bcce-0c929470b78b,17,1
c7572e3d-ce54-4119-bcce-0c929470b78b,22,1
c7572e3d-ce54-4119-bcce-0c929470b78b,30,1
c7572e3d-ce54-4119-bcce-0c929470b78b,39,3
c7572e3d-ce54-4119-bcce-0c929470b78b,64,1
c7572e3d-ce54-4119-bcce-0c929470b78b,65,1
c7572e3d-ce54-4119-bcce-0c929470b78b,66,1
c7572e3d-ce54-4119-bcce-0c929470b78b,68,1
c7572e3d-ce54-4119-bcce-0c929470b78b,70,1
c7572e3d-ce54-4119-bcce-0c929470b78b,80,1
c7572e3d-ce54-4119-bcce-0c929470b78b,86,1
C75F3E54-FA9B-44B0-9BD3-B60E9864E6E4,6,2
C75F3E54-FA9B-44B0-9BD3-B60E9864E6E4,43,2
C7816014-F7EB-4410-86AF-8F9E95829F36,3,0
C7816014-F7EB-4410-86AF-8F9E95829F36,35,2
c78fb261-7ed7-4ce1-a6ef-0d1cb49442a2,1,2
c78fb261-7ed7-4ce1-a6ef-0d1cb49442a2,102,2
c78fb261-7ed7-4ce1-a6ef-0d1cb49442a2,117,2
c7ccab10-8e72-48c3-a051-e7a2bd2035af,27,2
c7ccab10-8e72-48c3-a051-e7a2bd2035af,82,2
C80900DC-9681-4D3E-8478-AE5005BBA960,2,3
C80900DC-9681-4D3E-8478-AE5005BBA960,19,3
C80900DC-9681-4D3E-8478-AE5005BBA960,23,3
C80D4DDB-F263-40CC-B5EB-C46E5D3BFEAB,44,2
C81FDFB9-1C9A-426A-88E1-EBFCB88B3B46,16,3
C86C2565-0D0A-4673-8F8C-5B1E536C72F9,8,3
C86C2565-0D0A-4673-8F8C-5B1E536C72F9,14,3
C86C2565-0D0A-4673-8F8C-5B1E536C72F9,41,3
C8A63FC6-A2EC-4255-8D28-312C1C30B104,8,3
C8A63FC6-A2EC-4255-8D28-312C1C30B104,37,3
C8A63FC6-A2EC-4255-8D28-312C1C30B104,49,3
C8D0E74B-0A6B-4B95-A704-C965E633A75B,13,4
C9147D23-0F03-460F-A474-F3B5627E737F,2,3
C8D0E74B-0A6B-4B95-A704-C965E633A75B,45,3
C8DF3AF5-C801-4DBA-9A9C-171056AE6703,3,3
C9147D23-0F03-460F-A474-F3B5627E737F,58,3
C92CF138-C87B-4C57-A95D-6D0FFFC41179,13,0
C92CF138-C87B-4C57-A95D-6D0FFFC41179,38,6
C92D4FC6-2D1E-4C09-A6BD-8741E32479B7,3,3
C931B767-4CE4-464C-A69D-F594F0810D83,1,3
C9544260-34CD-426B-A994-84951A197738,5,3
C9544260-34CD-426B-A994-84951A197738,28,3
C95F4C1F-3FF4-4B82-89B7-A8351126265C,10,2
C95F4C1F-3FF4-4B82-89B7-A8351126265C,24,2
C95F4C1F-3FF4-4B82-89B7-A8351126265C,38,2
C95F4C1F-3FF4-4B82-89B7-A8351126265C,44,2
C978030E-A8E5-4A0C-91B3-16C3BEDFA434,2,2
C9921A48-30BE-4BAC-8AA0-832D2BE9B337,2,3
C9921A48-30BE-4BAC-8AA0-832D2BE9B337,15,3
C9921A48-30BE-4BAC-8AA0-832D2BE9B337,27,3
C9BC370F-3F1C-42CB-8626-10ED103A5A91,9,3
C9BC370F-3F1C-42CB-8626-10ED103A5A91,13,0
C9BC370F-3F1C-42CB-8626-10ED103A5A91,18,3
C9BC370F-3F1C-42CB-8626-10ED103A5A91,33,3
C9BE6A9B-9BD6-48BA-A2EA-B469F05E281E,10,3
C9BE6A9B-9BD6-48BA-A2EA-B469F05E281E,13,3
C9BE6A9B-9BD6-48BA-A2EA-B469F05E281E,17,3
C9BE6A9B-9BD6-48BA-A2EA-B469F05E281E,24,3
C9BE6A9B-9BD6-48BA-A2EA-B469F05E281E,48,3
C9BE6A9B-9BD6-48BA-A2EA-B469F05E281E,51,3
CA1D4738-69B7-4019-8EC7-20881F131B69,8,3
CA1D4738-69B7-4019-8EC7-20881F131B69,40,3
CA20CFC8-91E8-44CA-AA49-33DC996E8C60,56,3
CA20CFC8-91E8-44CA-AA49-33DC996E8C60,62,3
CA20CFC8-91E8-44CA-AA49-33DC996E8C60,69,3
ca35a143-065b-4fc9-895e-155f884a0eca,219,2
ca5a907f-f7a1-4f29-b694-35705ec2ba42,57,3
cab68082-2a44-4eaf-b227-7dd160efd1fc,3,0
CB133118-F26A-4788-BCA5-DF6DB78929DE,5,3
CB133118-F26A-4788-BCA5-DF6DB78929DE,27,3
CB133118-F26A-4788-BCA5-DF6DB78929DE,34,3
CB1A96E3-3040-4E17-922C-3798C208F527,9,0
CB7197F1-2540-4EED-9530-5D215A593AEE,28,3
CB7197F1-2540-4EED-9530-5D215A593AEE,41,3
CB727AC7-2E66-41FB-AB86-FDB362DF3D78,56,2
CB727AC7-2E66-41FB-AB86-FDB362DF3D78,69,2
CBAB5D0C-0F00-4C98-99C0-F1118837714D,6,3
CBAB5D0C-0F00-4C98-99C0-F1118837714D,13,3
CBAB5D0C-0F00-4C98-99C0-F1118837714D,30,3
CBF48937-2DCA-4DDF-82C8-40427073E608,36,3
CBF48937-2DCA-4DDF-82C8-40427073E608,44,3
CBF48937-2DCA-4DDF-82C8-40427073E608,72,3
CC508F8F-CD22-4A1A-871B-E3148CE2024D,9,1
CC508F8F-CD22-4A1A-871B-E3148CE2024D,12,1
CC508F8F-CD22-4A1A-871B-E3148CE2024D,13,1
CC508F8F-CD22-4A1A-871B-E3148CE2024D,16,1
CC508F8F-CD22-4A1A-871B-E3148CE2024D,22,1
CC508F8F-CD22-4A1A-871B-E3148CE2024D,31,1
CC508F8F-CD22-4A1A-871B-E3148CE2024D,36,1
CC8ACD7E-6E4E-4FFF-9F09-3556918ACBA5,16,0
CC8ACD7E-6E4E-4FFF-9F09-3556918ACBA5,18,1
CC8ACD7E-6E4E-4FFF-9F09-3556918ACBA5,38,1
CC8ACD7E-6E4E-4FFF-9F09-3556918ACBA5,39,0
cc8c3b0c-4320-4365-bc35-ed2f1c12b191,2,0
cc8c3b0c-4320-4365-bc35-ed2f1c12b191,5,0
cc8c3b0c-4320-4365-bc35-ed2f1c12b191,8,0
cc8c3b0c-4320-4365-bc35-ed2f1c12b191,21,0
cc8c3b0c-4320-4365-bc35-ed2f1c12b191,23,0
cc8c3b0c-4320-4365-bc35-ed2f1c12b191,29,0
cc8c3b0c-4320-4365-bc35-ed2f1c12b191,34,0
CCA0E24A-9806-416E-8C59-6FA2032BA447,4,3
CCA0E24A-9806-416E-8C59-6FA2032BA447,18,3
CCA0E24A-9806-416E-8C59-6FA2032BA447,48,3
CCA0E24A-9806-416E-8C59-6FA2032BA447,52,3
CCAE9FA7-3A01-4F69-9AC1-3AA1AEF394B4,6,3
CCB400FB-FA31-4B6B-BEA0-A42A25176475,22,3
CCCF8F51-5231-4A66-B2B4-0294556ECD79,17,2
CCCF8F51-5231-4A66-B2B4-0294556ECD79,22,2
CCCF8F51-5231-4A66-B2B4-0294556ECD79,45,3
CCCF8F51-5231-4A66-B2B4-0294556ECD79,50,2
CCFCB781-A9B6-4276-86C0-D8EF54907E97,2,3
CCFCB781-A9B6-4276-86C0-D8EF54907E97,27,3
CCFCB781-A9B6-4276-86C0-D8EF54907E97,34,3
CD08F3E4-2A0D-4702-AF9D-07FF57919502,36,2
CD08F3E4-2A0D-4702-AF9D-07FF57919502,70,2
CD1EE1FB-DBFA-4FF6-867F-823F2EE0558F,5,3
CD1EE1FB-DBFA-4FF6-867F-823F2EE0558F,37,3
CD49CAE5-8882-4C87-88D8-46E6967075F9,2,2
CD49CAE5-8882-4C87-88D8-46E6967075F9,7,2
CD49CAE5-8882-4C87-88D8-46E6967075F9,40,2
CD49CAE5-8882-4C87-88D8-46E6967075F9,61,2
CD4A57F2-D2C1-4EEC-96F5-1266EFC7E1C8,7,3
CD4B61E8-638D-46DC-AAC5-8D3D8CA728DE,30,2
CD4B61E8-638D-46DC-AAC5-8D3D8CA728DE,32,2
CD4B61E8-638D-46DC-AAC5-8D3D8CA728DE,45,2
CD531072-DBD0-43BE-9688-78AAEBEF6ABF,4,3
CE5A9E1C-CA6E-4DF8-A11F-619792A1A84C,18,3
CE5A9E1C-CA6E-4DF8-A11F-619792A1A84C,38,3
CE700C07-DA57-4303-9A9A-0DD0277E81BA,4,0
CE700C07-DA57-4303-9A9A-0DD0277E81BA,13,3
CEB42C64-F990-4D2F-8498-293884F04E4D,4,3
CEB42C64-F990-4D2F-8498-293884F04E4D,6,3
CEB42C64-F990-4D2F-8498-293884F04E4D,17,3
CEB42C64-F990-4D2F-8498-293884F04E4D,39,3
CEB42C64-F990-4D2F-8498-293884F04E4D,42,3
CEB42C64-F990-4D2F-8498-293884F04E4D,44,3
CEC3CD3E-1485-4D15-BCBE-54E676ECB250,4,3
CEC3CD3E-1485-4D15-BCBE-54E676ECB250,10,3
CECF0A80-A353-4A31-880C-792F3A4499C7,2,2
CECF0A80-A353-4A31-880C-792F3A4499C7,20,2
CECF0A80-A353-4A31-880C-792F3A4499C7,28,2
CECF0A80-A353-4A31-880C-792F3A4499C7,37,2
CECF0A80-A353-4A31-880C-792F3A4499C7,46,2
CEE933E5-EC4D-49C7-80F0-64683919DE13,131,2
CEF147DF-EF75-4B3E-B32A-DC01D5EFB76A,8,3
CEF147DF-EF75-4B3E-B32A-DC01D5EFB76A,21,3
CF21422F-685B-458E-A30D-7EC9A39C7583,18,0
CF690EE8-8761-43AE-9B61-0254AA34CE3C,6,0
CF690EE8-8761-43AE-9B61-0254AA34CE3C,9,0
CF690EE8-8761-43AE-9B61-0254AA34CE3C,10,2
CF690EE8-8761-43AE-9B61-0254AA34CE3C,18,2
CF690EE8-8761-43AE-9B61-0254AA34CE3C,22,2
CF690EE8-8761-43AE-9B61-0254AA34CE3C,31,2
CF7AA7CB-ED18-4FE8-9D74-4A055BA6EFF8,46,2
cf803c39-377b-42e8-ab3a-71238843c365,80,3
cf803c39-377b-42e8-ab3a-71238843c365,140,3
cf889fd0-cb00-47dd-8e2f-5c305fbcf50f,48,3
CFA57B00-2DB9-4BEC-B61C-77B1C55C8A7F,26,3
CFA755DB-0AED-44F8-A52C-3406BCA20960,2,0
CFA755DB-0AED-44F8-A52C-3406BCA20960,8,0
CFA755DB-0AED-44F8-A52C-3406BCA20960,19,6
CFA755DB-0AED-44F8-A52C-3406BCA20960,34,2
D01BC94C-75F0-4117-AA3F-F4DA305F2E56,3,6
D01BC94C-75F0-4117-AA3F-F4DA305F2E56,8,0
D01BC94C-75F0-4117-AA3F-F4DA305F2E56,60,6
d0205d8c-99b2-4578-8117-ff418215e99c,23,3
D045FE9F-D93C-4BA6-96CF-3FBEECCFC77B,4,3
D045FE9F-D93C-4BA6-96CF-3FBEECCFC77B,9,3
D045FE9F-D93C-4BA6-96CF-3FBEECCFC77B,33,3
D045FE9F-D93C-4BA6-96CF-3FBEECCFC77B,51,3
D045FE9F-D93C-4BA6-96CF-3FBEECCFC77B,54,3
D0515FD7-5B27-4B54-A783-E65241F45F2C,13,3
D0515FD7-5B27-4B54-A783-E65241F45F2C,38,3
d06abb75-527e-4b42-8097-48b485ea66b2,111,3
D08305E3-D7F2-4DAF-B583-0F7E67D336A4,31,3
D09498F7-A202-480D-ABC4-578377DA5A75,4,2
D09498F7-A202-480D-ABC4-578377DA5A75,31,2
D0D95853-C6AB-427F-8189-7CC73B984565,12,3
D0D95853-C6AB-427F-8189-7CC73B984565,32,3
D0EC883C-68E5-4AEA-8B3C-158B964A570D,2,2
d0f1d81d-c34d-4c40-b5d1-c8fb7bfe1f05,53,2
d0f1d81d-c34d-4c40-b5d1-c8fb7bfe1f05,68,2
D12F6CBB-C307-45B4-83E9-5AB5C72B3C75,11,3
D12F6CBB-C307-45B4-83E9-5AB5C72B3C75,39,3
D14C0A4F-07A9-4298-AB65-FE9E6227EFB7,4,3
D14C0A4F-07A9-4298-AB65-FE9E6227EFB7,6,3
D14C0A4F-07A9-4298-AB65-FE9E6227EFB7,9,3
D14C0A4F-07A9-4298-AB65-FE9E6227EFB7,11,3
D14C0A4F-07A9-4298-AB65-FE9E6227EFB7,16,3
D14C0A4F-07A9-4298-AB65-FE9E6227EFB7,22,3
D14C0A4F-07A9-4298-AB65-FE9E6227EFB7,31,3
D14C0A4F-07A9-4298-AB65-FE9E6227EFB7,36,3
D14C0A4F-07A9-4298-AB65-FE9E6227EFB7,39,3
D14C0A4F-07A9-4298-AB65-FE9E6227EFB7,44,3
D14F280A-1545-4257-B9FC-68F3CBEFA9FC,40,4
D16B81D0-B178-4E6A-B058-406BBA1F1A4D,2,3
D1770432-AB72-4F6A-8C2B-3CBB67AAD6C9,71,3
D1770432-AB72-4F6A-8C2B-3CBB67AAD6C9,78,3
D1C9D715-89DF-4407-B9D0-E5731DC61F32,62,3
D1C9D715-89DF-4407-B9D0-E5731DC61F32,69,3
D1C9D715-89DF-4407-B9D0-E5731DC61F32,79,3
D1C9D715-89DF-4407-B9D0-E5731DC61F32,131,3
D1C9D715-89DF-4407-B9D0-E5731DC61F32,214,3
D1C9D715-89DF-4407-B9D0-E5731DC61F32,222,3
D1CA33E5-587D-4595-B04E-FFDDCEE01B57,2,2
D1CA33E5-587D-4595-B04E-FFDDCEE01B57,14,2
D1D29AF0-9BE5-448D-B260-4955C7E030F6,15,1
d1d6b0be-7f83-4f52-bd57-2f5e713f8c5b,1,
d1d6b0be-7f83-4f52-bd57-2f5e713f8c5b,7,3
D1D7E9B9-A33A-4014-9DC2-8786958FC0CF,59,0
D1D7E9B9-A33A-4014-9DC2-8786958FC0CF,70,2
D1D7E9B9-A33A-4014-9DC2-8786958FC0CF,113,2
D1DF73D7-82FE-4538-B319-C6834508A7FB,7,3
D1DF73D7-82FE-4538-B319-C6834508A7FB,15,3
D21BD8A7-EAB1-4784-80B1-AF69C1377886,28,3
D21BD8A7-EAB1-4784-80B1-AF69C1377886,79,3
D21BD8A7-EAB1-4784-80B1-AF69C1377886,105,3
D27F6011-964C-43EF-ACC2-5A3EFD01C4D7,3,3
D27F6011-964C-43EF-ACC2-5A3EFD01C4D7,7,3
D27F6011-964C-43EF-ACC2-5A3EFD01C4D7,23,3
D27F6011-964C-43EF-ACC2-5A3EFD01C4D7,28,3
D2C2609B-FE64-4F4E-8D30-95CF12014DB6,36,3
D2F1449F-3DD6-4D63-9F25-D4778263005B,10,2
D311EB5A-5E85-4EC0-9676-B978C544E3C5,2,3
D311EB5A-5E85-4EC0-9676-B978C544E3C5,15,3
D311EB5A-5E85-4EC0-9676-B978C544E3C5,28,3
D337BBD6-83EA-42A2-BC4B-D552A47458C7,35,3
D33E8677-CA7A-4C22-8DF9-B973C1AC45CD,110,2
D3495B77-DE1D-4706-8B97-E1D83D5D992F,1,2
D3495B77-DE1D-4706-8B97-E1D83D5D992F,1,0
d3498423-601b-47f7-a5ce-b6c59ca531c6,165,4
d3498423-601b-47f7-a5ce-b6c59ca531c6,220,4
D3562C2D-7CB1-4493-9BC7-E77D2DED5A30,4,3
D3562C2D-7CB1-4493-9BC7-E77D2DED5A30,10,3
D3562C2D-7CB1-4493-9BC7-E77D2DED5A30,17,3
D3562C2D-7CB1-4493-9BC7-E77D2DED5A30,32,3
D39AA86A-97B3-4213-BC3D-25CC1BB3316D,2,0
D3EC2B34-4F10-4DE3-8E56-6EB396A43A8C,34,1
D4001F3F-4D41-41FF-B571-3E36161CA8D8,7,2
D42473AE-8783-45FB-97A1-CB96C60C8CE8,10,2
D4C382B2-98AB-488D-98D5-04E7CBA7C958,12,2
D4C382B2-98AB-488D-98D5-04E7CBA7C958,31,2
D4DCA4E6-B5A1-469E-AB5A-25FA4ADE94D9,23,2
D4DCA4E6-B5A1-469E-AB5A-25FA4ADE94D9,58,2
d5320fa6-d0f7-4432-bb97-aa07f0fdc37d,8,3
d5320fa6-d0f7-4432-bb97-aa07f0fdc37d,19,3
d5320fa6-d0f7-4432-bb97-aa07f0fdc37d,60,3
d5320fa6-d0f7-4432-bb97-aa07f0fdc37d,74,3
D552875B-5096-40FF-A4F5-7E1B0E46811B,4,3
D552875B-5096-40FF-A4F5-7E1B0E46811B,11,3
D552875B-5096-40FF-A4F5-7E1B0E46811B,13,3
D552875B-5096-40FF-A4F5-7E1B0E46811B,24,3
D552875B-5096-40FF-A4F5-7E1B0E46811B,42,3
D552875B-5096-40FF-A4F5-7E1B0E46811B,44,3
D56802D4-75EB-456E-93B0-38E1A1685E57,65,3
D56ABAD5-316F-4697-8CC2-D6092772D344,17,3
D56ABAD5-316F-4697-8CC2-D6092772D344,32,3
D56ABAD5-316F-4697-8CC2-D6092772D344,43,3
D56ABAD5-316F-4697-8CC2-D6092772D344,51,3
D56ABAD5-316F-4697-8CC2-D6092772D344,59,3
D56ABAD5-316F-4697-8CC2-D6092772D344,65,3
D57397A2-BED3-4BC1-8FA9-1D2E994F67EB,15,2
D57397A2-BED3-4BC1-8FA9-1D2E994F67EB,15,2
D57397A2-BED3-4BC1-8FA9-1D2E994F67EB,19,2
D57397A2-BED3-4BC1-8FA9-1D2E994F67EB,19,2
D57397A2-BED3-4BC1-8FA9-1D2E994F67EB,26,2
D57397A2-BED3-4BC1-8FA9-1D2E994F67EB,26,2
D57397A2-BED3-4BC1-8FA9-1D2E994F67EB,71,2
D57397A2-BED3-4BC1-8FA9-1D2E994F67EB,71,2
D57397A2-BED3-4BC1-8FA9-1D2E994F67EB,91,2
D582B381-C1B4-4FBE-9E25-C991DD5C33F1,9,3
D585DAC5-2853-4AAB-A4F3-AF1411719404,13,0
D585DAC5-2853-4AAB-A4F3-AF1411719404,18,3
D5959F12-C23D-4FFA-AC04-D493FD866A09,157,2
D5CE37EE-E0E1-4F87-8299-E637F62D20FF,25,2
D5CE37EE-E0E1-4F87-8299-E637F62D20FF,32,2
D5CE37EE-E0E1-4F87-8299-E637F62D20FF,38,2
D6124AE7-344F-481E-8083-E0C6D186819C,4,2
D6124AE7-344F-481E-8083-E0C6D186819C,6,2
D6124AE7-344F-481E-8083-E0C6D186819C,10,2
D6124AE7-344F-481E-8083-E0C6D186819C,30,2
D614F495-F96B-4D8E-8025-9E9006F18E0D,13,3
D614F495-F96B-4D8E-8025-9E9006F18E0D,17,3
D614F495-F96B-4D8E-8025-9E9006F18E0D,30,3
D614F495-F96B-4D8E-8025-9E9006F18E0D,44,3
D614F495-F96B-4D8E-8025-9E9006F18E0D,52,3
D619F9E8-4BF5-486F-8CF1-59582E598A9A,4,3
D63EE39F-EE8B-4101-AD2E-35E23C79B340,9,3
D6604D1A-CC6D-4C4D-8B41-1285F196A932,4,2
D6604D1A-CC6D-4C4D-8B41-1285F196A932,11,2
D6604D1A-CC6D-4C4D-8B41-1285F196A932,16,2
D6604D1A-CC6D-4C4D-8B41-1285F196A932,31,2
D6604D1A-CC6D-4C4D-8B41-1285F196A932,39,2
D6604D1A-CC6D-4C4D-8B41-1285F196A932,44,2
D6604D1A-CC6D-4C4D-8B41-1285F196A932,48,2
D697C6A9-B662-4E66-925F-73C97AA6D4BA,24,3
D6A19921-0837-4978-AFAD-7009CFC5DFFB,6,3
D6A19921-0837-4978-AFAD-7009CFC5DFFB,11,3
D6A19921-0837-4978-AFAD-7009CFC5DFFB,33,3
D6B8D8E3-0F2F-4D28-94BF-5AAB80AEAFBB,21,3
D6B8D8E3-0F2F-4D28-94BF-5AAB80AEAFBB,27,3
D6B8D8E3-0F2F-4D28-94BF-5AAB80AEAFBB,29,3
D6B8D8E3-0F2F-4D28-94BF-5AAB80AEAFBB,35,3
D6CD7C6E-BA9F-4E76-A9C0-9EC61CE88439,2,3
D6CD7C6E-BA9F-4E76-A9C0-9EC61CE88439,26,3
D6CD7C6E-BA9F-4E76-A9C0-9EC61CE88439,29,3
D71CD81D-D6F2-49EB-AEF3-EB0BEAB58B5E,6,2
D71CD81D-D6F2-49EB-AEF3-EB0BEAB58B5E,47,0
D71CD81D-D6F2-49EB-AEF3-EB0BEAB58B5E,81,2
D74D2AD4-234A-4239-A1D9-B0724FD5C2BA,6,3
D74D2AD4-234A-4239-A1D9-B0724FD5C2BA,11,3
D74D2AD4-234A-4239-A1D9-B0724FD5C2BA,32,3
D74D2AD4-234A-4239-A1D9-B0724FD5C2BA,70,3
D76CFE45-9936-4145-924A-D46237D1737A,8,2
D76F4FEE-CCD7-4925-8278-5E1517ABA009,15,2
D76F4FEE-CCD7-4925-8278-5E1517ABA009,21,3
D76F4FEE-CCD7-4925-8278-5E1517ABA009,40,3
D7889634-7B84-4872-AC8C-68907905B046,2,3
D7889634-7B84-4872-AC8C-68907905B046,7,3
D788A0B4-9408-4F7B-A151-F938F42BBCA8,6,3
D7B5C98A-FE6A-4DD6-BD7A-E0D4066DEB68,5,3
D7B5C98A-FE6A-4DD6-BD7A-E0D4066DEB68,8,3
D7BEBDC5-05F4-445B-A3FB-C1972F6AA98E,3,3
D7BEBDC5-05F4-445B-A3FB-C1972F6AA98E,8,3
D7BEBDC5-05F4-445B-A3FB-C1972F6AA98E,15,3
D7BEBDC5-05F4-445B-A3FB-C1972F6AA98E,21,3
D7BEBDC5-05F4-445B-A3FB-C1972F6AA98E,28,3
D7BEBDC5-05F4-445B-A3FB-C1972F6AA98E,29,3
D7BEBDC5-05F4-445B-A3FB-C1972F6AA98E,49,3
D7BEBDC5-05F4-445B-A3FB-C1972F6AA98E,56,3
D7BEBDC5-05F4-445B-A3FB-C1972F6AA98E,58,3
D7BEBDC5-05F4-445B-A3FB-C1972F6AA98E,71,3
D7BEBDC5-05F4-445B-A3FB-C1972F6AA98E,73,3
D7BEBDC5-05F4-445B-A3FB-C1972F6AA98E,75,0
D7D041C0-78E6-4615-BFC2-6C79265C2DDD,8,3
D84E5959-5986-41DB-958C-C8844D16BB85,12,3
D84E5959-5986-41DB-958C-C8844D16BB85,18,3
D8668554-1D63-4370-AAE5-D07E01B87256,2,2
D8668554-1D63-4370-AAE5-D07E01B87256,20,2
D8668554-1D63-4370-AAE5-D07E01B87256,28,2
D89261F3-1331-426B-BE26-C4CC735E0A5A,2,2
D8926C6F-80A7-416B-9698-6FC954751445,4,0
D8926C6F-80A7-416B-9698-6FC954751445,6,0
D8926C6F-80A7-416B-9698-6FC954751445,9,0
D8926C6F-80A7-416B-9698-6FC954751445,22,0
D8926C6F-80A7-416B-9698-6FC954751445,24,0
D8926C6F-80A7-416B-9698-6FC954751445,25,0
D8926C6F-80A7-416B-9698-6FC954751445,30,0
D89AB761-16DD-428F-8EAD-C7B04D6AB21D,10,2
D89AB761-16DD-428F-8EAD-C7B04D6AB21D,13,2
D89AB761-16DD-428F-8EAD-C7B04D6AB21D,48,2
D89AB761-16DD-428F-8EAD-C7B04D6AB21D,65,2
D8AAB714-AF91-472E-92F1-5AD0B02D565F,23,3
D8AAB714-AF91-472E-92F1-5AD0B02D565F,29,3
D8AAB714-AF91-472E-92F1-5AD0B02D565F,34,3
d934c144-54b2-4393-9cb2-31a52116b949,4,3
d934c144-54b2-4393-9cb2-31a52116b949,52,3
8C94F4F7-3C84-4B10-8D9A-B94B03497E48,13,0
8CA630ED-5D73-4E90-8E40-9868FC43BA52,7,0
8CA630ED-5D73-4E90-8E40-9868FC43BA52,56,0
8CA630ED-5D73-4E90-8E40-9868FC43BA52,69,0
D93BF811-C250-4E86-A873-3CAD4C746F5E,1,1
D93BF811-C250-4E86-A873-3CAD4C746F5E,19,0
D93BF811-C250-4E86-A873-3CAD4C746F5E,21,3
D93BF811-C250-4E86-A873-3CAD4C746F5E,26,1
D93BF811-C250-4E86-A873-3CAD4C746F5E,28,2
D93BF811-C250-4E86-A873-3CAD4C746F5E,34,1
D980D1E5-DC82-48A0-9E41-3CB8B46FB67E,2,3
56B3F63E-C87F-47D6-8175-EA1874F82E7D,49,6
F859212C-209C-4C15-B70D-5A0BAE32FDE9,27,0
D980D1E5-DC82-48A0-9E41-3CB8B46FB67E,8,3
D980D1E5-DC82-48A0-9E41-3CB8B46FB67E,28,3
D980D1E5-DC82-48A0-9E41-3CB8B46FB67E,34,3
D9EB3EDA-5D46-4B40-87A1-B8EBE68227EA,1,2
D9EB3EDA-5D46-4B40-87A1-B8EBE68227EA,14,6
D9EB3EDA-5D46-4B40-87A1-B8EBE68227EA,26,6
DA0BC2F0-8524-464D-8E6F-176E5BF7478B,4,3
DA0BC2F0-8524-464D-8E6F-176E5BF7478B,51,3
DA10174F-E13D-4C16-8B5D-D0C7618CF793,8,3
DA10174F-E13D-4C16-8B5D-D0C7618CF793,27,3
DA10174F-E13D-4C16-8B5D-D0C7618CF793,29,3
DA16D522-9FD7-4F16-B177-4E200515B9D9,7,4
DA16D522-9FD7-4F16-B177-4E200515B9D9,21,4
DA16D522-9FD7-4F16-B177-4E200515B9D9,35,4
DA66EC0C-733A-4C7F-AA9B-3CD01A3EA081,6,3
DA66EC0C-733A-4C7F-AA9B-3CD01A3EA081,50,3
DAE80F25-E11F-4A91-B6B1-9548BEE32524,23,3
db2eba27-e54c-449d-80c0-06fe9466f262,1,3
db2eba27-e54c-449d-80c0-06fe9466f262,49,2
db2eba27-e54c-449d-80c0-06fe9466f262,102,3
db2eba27-e54c-449d-80c0-06fe9466f262,112,2
DB56B574-1951-4F45-B950-7541864249E6,4,3
DB56B574-1951-4F45-B950-7541864249E6,38,3
DB64CF2B-61D1-4EDD-9A30-7F82614874A1,5,4
DB8E7CF7-DDC6-461F-960D-C2BB837744FF,2,3
DBE60F98-3BC0-4F90-9E95-6BDB24C95FC8,6,3
DBE60F98-3BC0-4F90-9E95-6BDB24C95FC8,22,3
DBE60F98-3BC0-4F90-9E95-6BDB24C95FC8,32,3
DBECC885-B82E-418C-AD2C-90E6720C67D1,88,3
DBEFAAC3-BCF0-4668-A59A-1B89DD13CD2E,49,3
DC166D71-5ED9-4C67-95F4-D533495075FA,9,2
DC1BBECF-5553-4B9C-97CF-6BB5B1D9BC43,9,3
DC1BBECF-5553-4B9C-97CF-6BB5B1D9BC43,11,3
DC1BBECF-5553-4B9C-97CF-6BB5B1D9BC43,16,3
DC1BBECF-5553-4B9C-97CF-6BB5B1D9BC43,22,3
DC1BBECF-5553-4B9C-97CF-6BB5B1D9BC43,44,3
DC1BBECF-5553-4B9C-97CF-6BB5B1D9BC43,53,3
dc1d7d6e-3955-4e13-90e2-62830153ea97,1,2
dc3fd095-4fe4-4cc5-9959-ca0475e38658,6,2
dc3fd095-4fe4-4cc5-9959-ca0475e38658,45,2
DC46C180-B4C9-430D-B207-73805894C467,3,3
DC46C180-B4C9-430D-B207-73805894C467,15,3
DC46C180-B4C9-430D-B207-73805894C467,21,3
DC4A8B44-2363-4C92-949B-0A42906D2A33,2,3
DC4A8B44-2363-4C92-949B-0A42906D2A33,8,2
DC4A8B44-2363-4C92-949B-0A42906D2A33,34,2
DC6A120B-9134-4E84-B49F-B3F06A49A9A8,2,3
DC6A120B-9134-4E84-B49F-B3F06A49A9A8,7,3
DC8CC5D9-FC78-4EB7-A226-7DBA61C839A6,11,2
DCC19B9C-6108-41CE-9042-64B7A6742E5C,2,3
DCE9C33E-D5EC-4B15-99DD-45AA11EB5AF9,112,1
DCEFA39C-19F2-4AF7-A1E1-2DA0812F80AC,29,3
DCEFA39C-19F2-4AF7-A1E1-2DA0812F80AC,34,3
DCEFA39C-19F2-4AF7-A1E1-2DA0812F80AC,62,3
DD42BBE2-9EA9-4839-AB70-93C53125CFC7,7,1
DD42BBE2-9EA9-4839-AB70-93C53125CFC7,15,1
DD42BBE2-9EA9-4839-AB70-93C53125CFC7,26,1
DD42BBE2-9EA9-4839-AB70-93C53125CFC7,35,1
DD7A5711-7245-4FA7-94E5-08144A0B4AEA,5,2
DD87531D-2CBC-407C-8ACA-B18CE18D7E26,28,3
DD87531D-2CBC-407C-8ACA-B18CE18D7E26,106,3
DD94EEC1-53D3-4215-97A8-7BC958DC8858,19,1
DD94EEC1-53D3-4215-97A8-7BC958DC8858,20,1
DD94EEC1-53D3-4215-97A8-7BC958DC8858,26,3
DD94EEC1-53D3-4215-97A8-7BC958DC8858,29,3
DD94EEC1-53D3-4215-97A8-7BC958DC8858,37,2
DDA2B257-DCA0-4F20-A50F-DEB587E9E6D3,14,3
DDA2B257-DCA0-4F20-A50F-DEB587E9E6D3,27,3
DDB0A738-6F18-4060-97E4-25001C007A3C,9,0
DDB0A738-6F18-4060-97E4-25001C007A3C,11,0
DDB0A738-6F18-4060-97E4-25001C007A3C,13,0
DDB0A738-6F18-4060-97E4-25001C007A3C,18,0
DDB0A738-6F18-4060-97E4-25001C007A3C,30,0
DDB0A738-6F18-4060-97E4-25001C007A3C,31,0
DDB0A738-6F18-4060-97E4-25001C007A3C,36,1
DDB45526-E9BA-43EA-814C-06FD112666E3,29,3
DDCBF68A-5AF4-4899-8E89-1A8BC979ABB7,17,3
DDCBF68A-5AF4-4899-8E89-1A8BC979ABB7,38,4
DDCBF68A-5AF4-4899-8E89-1A8BC979ABB7,45,3
de06ab9f-6766-403a-96e4-e69958b8614f,51,3
DE19C5A0-F0D2-4707-952F-E289ADBA190E,210,3
DE19C5A0-F0D2-4707-952F-E289ADBA190E,213,3
DE2B39F2-42FA-4257-9D16-00AB599806ED,9,3
DE587FEC-DAA6-490B-B63B-5A3DA3789D93,2,2
DE587FEC-DAA6-490B-B63B-5A3DA3789D93,7,2
DE587FEC-DAA6-490B-B63B-5A3DA3789D93,14,2
de659058-d06f-461f-89c4-0c5b1f8f074b,12,0
DE6BCF77-2295-4CCB-B9A5-92FB12811551,6,0
DE6BCF77-2295-4CCB-B9A5-92FB12811551,17,3
DE6BCF77-2295-4CCB-B9A5-92FB12811551,31,0
DE8995B6-7522-49D4-8025-08AC33D1F2F1,150,3
ded50a80-1163-4aaa-b578-85cb9244426d,1,3
ded50a80-1163-4aaa-b578-85cb9244426d,58,3
DF408981-A00A-4817-9EEA-DBC393DB89FE,2,3
DF4EF2ED-907E-41EB-8FBE-48A05B03F769,146,3
DF4EF2ED-907E-41EB-8FBE-48A05B03F769,156,3
DF886826-AB72-4F70-9BC7-C071E8859741,12,3
DFA2915A-CA4F-4BE9-8807-75CF112C074F,2,3
DFA2915A-CA4F-4BE9-8807-75CF112C074F,15,3
DFA2915A-CA4F-4BE9-8807-75CF112C074F,35,3
DFA2915A-CA4F-4BE9-8807-75CF112C074F,46,3
DFA9CA1B-8B86-453B-9267-07677406BB46,2,0
DFC627D3-7816-415D-8200-17AFC2B8BC1B,12,3
DFC627D3-7816-415D-8200-17AFC2B8BC1B,24,3
DFC627D3-7816-415D-8200-17AFC2B8BC1B,30,3
DFD4C15B-388B-40C4-BD61-F5813A953901,50,6
DFD4C15B-388B-40C4-BD61-F5813A953901,70,6
DFD4C15B-388B-40C4-BD61-F5813A953901,100,6
E00A9C81-DBE5-4A0B-B218-E520DD53C12E,5,3
E00A9C81-DBE5-4A0B-B218-E520DD53C12E,8,3
E00A9C81-DBE5-4A0B-B218-E520DD53C12E,20,3
E01E0E1B-19B4-4DE8-ADE6-3D6D287B7D55,2,3
E01E0E1B-19B4-4DE8-ADE6-3D6D287B7D55,14,3
E01E0E1B-19B4-4DE8-ADE6-3D6D287B7D55,27,3
E079FBEE-CBD1-4CDA-B096-1EE0AE040ADB,28,3
E105965B-97B9-4970-AB8A-70965235DCFD,28,3
E109F7A5-3FD3-4FE2-AD95-6037708F717F,17,3
E109F7A5-3FD3-4FE2-AD95-6037708F717F,30,3
E109F7A5-3FD3-4FE2-AD95-6037708F717F,32,3
e121f701-b16c-4d66-9912-9f06b34b9b05,2,3
e14dcc4f-a43b-4eaa-b423-73fd250b1e95,1,1
e14dcc4f-a43b-4eaa-b423-73fd250b1e95,14,2
E155776E-B6AD-4BBA-9012-4EFB7A59D329,6,2
E155776E-B6AD-4BBA-9012-4EFB7A59D329,13,2
E1607C87-3F73-41B2-B895-1E329E5B66F7,14,2
e16a1460-55f8-47ef-8097-4232036bec96,58,2
e16a1460-55f8-47ef-8097-4232036bec96,91,2
e19dd0ad-14b9-4779-a270-fe6b42abfc9c,19,3
e19dd0ad-14b9-4779-a270-fe6b42abfc9c,56,2
E1CEAF23-B310-402A-8435-198AE82258B1,29,3
E232CE9D-7123-425D-9716-B258CECC1FF2,7,4
e2462331-8aca-4efe-b7fa-7d8862275ed4,33,2
E24FFF94-7BF6-4F6F-8E28-F0E165CA7191,29,2
E24FFF94-7BF6-4F6F-8E28-F0E165CA7191,37,3
E2758B4B-9E66-4236-A24A-89447334D319,4,3
E2758B4B-9E66-4236-A24A-89447334D319,10,3
E2758B4B-9E66-4236-A24A-89447334D319,25,3
E2758B4B-9E66-4236-A24A-89447334D319,42,3
E2758B4B-9E66-4236-A24A-89447334D319,44,3
E27DA5F4-763C-4B32-B277-2512D66F2931,5,3
E27DA5F4-763C-4B32-B277-2512D66F2931,29,3
E27DA5F4-763C-4B32-B277-2512D66F2931,78,3
E288D2AC-0D64-4EBF-ABBC-67335D2499CD,23,3
E2A06334-A4EB-47F4-A3A7-50B15D2C6551,4,3
E2A06334-A4EB-47F4-A3A7-50B15D2C6551,11,3
E2CEE337-1D5C-4438-95FA-5F5EBD2F5682,83,3
E2CEE337-1D5C-4438-95FA-5F5EBD2F5682,95,3
E2DDF725-90D2-41E0-8233-90BA7AE9D1A0,9,3
E34951A8-F314-4756-8B7F-968CE7CF519B,16,3
E34B0FDB-9FF8-46ED-A18D-81503AD9D537,34,3
E37FAD41-767E-4864-86D8-0B2177243B34,10,1
E37FAD41-767E-4864-86D8-0B2177243B34,12,1
E37FAD41-767E-4864-86D8-0B2177243B34,18,3
E3C2F4F1-1C6F-4505-8BEF-806EA7342567,1,2
E3CF3802-A349-40E1-9CBE-04BE6C5FB4C9,6,3
E3CF3802-A349-40E1-9CBE-04BE6C5FB4C9,9,3
E40DA222-CB05-4B3A-AEA2-693DC487BD9E,7,2
E4652E67-402A-421B-B289-1E7F3CA45626,34,2
E4C38926-3463-4748-B45D-8D40FF3868CB,1,3
E4D3A22E-6380-4667-A451-89A8125533AD,69,3
E4D3A22E-6380-4667-A451-89A8125533AD,84,3
E52BF978-E52E-4605-8557-8B67098993F0,13,2
E5688C2A-C951-41EA-B69F-E5FD5945018D,18,0
E5713399-B984-4645-8ABE-BD5A8943CF45,25,2
E57CBC05-41A9-4E99-9848-706B89867969,18,2
E57CBC05-41A9-4E99-9848-706B89867969,38,0
E5893B07-35AE-417B-8905-50C28FA5C342,35,1
E58FCF12-2DA2-4349-A98D-F0A3561AA168,9,0
E58FCF12-2DA2-4349-A98D-F0A3561AA168,25,0
E5A252E3-2008-411C-8FDF-A692E469E945,6,4
E5A8D5C6-1EBD-4033-A326-FDF9E7FD85ED,4,6
E5A8D5C6-1EBD-4033-A326-FDF9E7FD85ED,25,6
E5D2675C-DFC4-4B56-B7F1-0C3B67CEB64B,32,2
E5D2675C-DFC4-4B56-B7F1-0C3B67CEB64B,38,2
E5D2675C-DFC4-4B56-B7F1-0C3B67CEB64B,59,2
E5FC4E51-79DC-4615-A1B2-D472CABF9D44,2,3
E5FC4E51-79DC-4615-A1B2-D472CABF9D44,7,3
E5FC4E51-79DC-4615-A1B2-D472CABF9D44,46,3
E6021935-5A60-4C65-B4AA-B845D5E41A69,26,4
E63AD61B-44E6-4637-9F1F-F3DBEA130415,80,3
e641d6c1-2f0f-49ec-a173-fc92e94674cd,18,0
e641d6c1-2f0f-49ec-a173-fc92e94674cd,33,0
e641d6c1-2f0f-49ec-a173-fc92e94674cd,42,0
e641d6c1-2f0f-49ec-a173-fc92e94674cd,44,0
e641d6c1-2f0f-49ec-a173-fc92e94674cd,48,0
E66842C7-3480-4956-AB00-44E6F7A1DA74,31,3
E6B643FC-0B0E-4442-96C2-9750D84A16A6,4,2
E6B643FC-0B0E-4442-96C2-9750D84A16A6,33,2
E6D16749-4363-4D43-ABDB-BCC79FA754D2,1,2
E6D16749-4363-4D43-ABDB-BCC79FA754D2,29,2
E6D39853-CFC2-4F18-A036-8D27097E7496,21,0
E6D644C8-2159-4785-9CDE-3A0393FBF2D5,5,3
E6D644C8-2159-4785-9CDE-3A0393FBF2D5,20,3
E6D644C8-2159-4785-9CDE-3A0393FBF2D5,35,3
E711C0DA-D70A-4F97-B283-17CF147520F3,21,3
e740a19f-0453-4c78-ba56-76d08edafe8c,72,3
E767B19E-E028-4DBA-93D0-7078291DB6EB,27,3
E76ADC74-5CF4-4C74-BF92-13DC6BB404DF,2,3
E7A826A1-F4A4-4829-B102-E4BBB3C624A5,11,3
E7A826A1-F4A4-4829-B102-E4BBB3C624A5,30,3
E7A826A1-F4A4-4829-B102-E4BBB3C624A5,42,3
E7A826A1-F4A4-4829-B102-E4BBB3C624A5,81,3
E7A826A1-F4A4-4829-B102-E4BBB3C624A5,86,3
E7ADE5DB-2A66-4BE5-B341-4730EB997052,9,3
E7ADE5DB-2A66-4BE5-B341-4730EB997052,32,3
E7F1B36E-F4C7-46A0-80D7-FBB0FB55C5CA,73,3
E81BECBF-806B-4666-B804-8706D1612CD5,15,3
E81BECBF-806B-4666-B804-8706D1612CD5,19,3
E81BECBF-806B-4666-B804-8706D1612CD5,79,3
E81BECBF-806B-4666-B804-8706D1612CD5,154,3
E81BECBF-806B-4666-B804-8706D1612CD5,182,3
E8246024-5759-4145-806E-A29D60217185,21,3
E8246024-5759-4145-806E-A29D60217185,35,3
E8556999-2717-494A-9232-DA064C678DF4,13,3
E8556999-2717-494A-9232-DA064C678DF4,25,3
E8556999-2717-494A-9232-DA064C678DF4,32,3
E8556999-2717-494A-9232-DA064C678DF4,36,3
E8556999-2717-494A-9232-DA064C678DF4,52,3
E8556999-2717-494A-9232-DA064C678DF4,54,3
E894465E-6E5B-424E-AD49-B12B8E8333EE,8,3
E894465E-6E5B-424E-AD49-B12B8E8333EE,27,3
E894465E-6E5B-424E-AD49-B12B8E8333EE,28,3
E894465E-6E5B-424E-AD49-B12B8E8333EE,29,3
E8DB397C-1500-40A5-9E8D-1D6F429A39C4,9,6
E8DB397C-1500-40A5-9E8D-1D6F429A39C4,16,2
E8DB397C-1500-40A5-9E8D-1D6F429A39C4,47,2
E926A57C-A7DF-483D-B030-22F34FB6352D,33,3
E92D4820-DCBC-47A6-9594-9A91DD6D150B,16,3
E92D4820-DCBC-47A6-9594-9A91DD6D150B,32,3
E92D4820-DCBC-47A6-9594-9A91DD6D150B,39,3
E9332E2F-7A2A-426A-8979-05E2C240E21A,25,2
E93BF004-7322-4FC6-AEAE-EE693089DE0B,9,3
E93BF004-7322-4FC6-AEAE-EE693089DE0B,50,3
E94F1095-D3AE-48BB-B045-452320A26D75,13,3
E9635714-0534-4F09-A46D-9DC964848FBF,15,1
E9635714-0534-4F09-A46D-9DC964848FBF,23,2
E9635714-0534-4F09-A46D-9DC964848FBF,29,2
E9635714-0534-4F09-A46D-9DC964848FBF,40,2
E9A73502-C48D-49AD-A329-C4DD569B49BF,8,3
E9A73502-C48D-49AD-A329-C4DD569B49BF,34,3
e9f5e77a-0f4d-4f64-a77a-348aa5a8b4c9,1,2
EA0EAC85-0F85-47A5-92AB-8734EFE6BA61,5,0
EA0EAC85-0F85-47A5-92AB-8734EFE6BA61,8,0
EA32439B-64F6-464E-92FA-02D0340504D0,86,3
EA32439B-64F6-464E-92FA-02D0340504D0,142,3
EA782598-D039-47E4-BEA7-723B02DDC9D6,10,3
EA782598-D039-47E4-BEA7-723B02DDC9D6,12,3
EA782598-D039-47E4-BEA7-723B02DDC9D6,25,3
EA782598-D039-47E4-BEA7-723B02DDC9D6,38,3
EA782598-D039-47E4-BEA7-723B02DDC9D6,52,3
EA7FFEE6-2528-4C4B-8392-8D77F902557A,1,3
EAB15D61-0E0A-4324-8F7D-B63558FE1779,4,4
EAE01A05-C8BF-4BEE-B50E-60E252E6319C,3,3
EAE01A05-C8BF-4BEE-B50E-60E252E6319C,7,3
EAE01A05-C8BF-4BEE-B50E-60E252E6319C,14,3
EAE01A05-C8BF-4BEE-B50E-60E252E6319C,21,3
EAE01A05-C8BF-4BEE-B50E-60E252E6319C,27,3
EB0A67DE-71E8-45EC-80F1-22FFE7370E57,5,3
EB40A951-4908-4ACB-B694-304CF880F0F6,13,3
EB5E6872-D4E5-4B1B-91A0-944000C565E8,20,3
EB789C4C-D863-4684-AE1C-4267A60CAF98,10,3
EB789C4C-D863-4684-AE1C-4267A60CAF98,13,3
EBAF042E-7573-42DC-9CF1-0CE2612C6E3F,1,2
EBAF042E-7573-42DC-9CF1-0CE2612C6E3F,8,2
EBAF042E-7573-42DC-9CF1-0CE2612C6E3F,20,2
EBAF042E-7573-42DC-9CF1-0CE2612C6E3F,28,2
EBD7AD5B-34D4-4CBF-9079-B3E94A71753D,9,3
EBD7AD5B-34D4-4CBF-9079-B3E94A71753D,31,3
EBDD7A03-B15C-4661-9DBC-7F480A8A8C4C,1,3
EBDD7A03-B15C-4661-9DBC-7F480A8A8C4C,34,3
EC1C6D3F-9BE3-4D47-A0E9-B0BD737E6FB1,14,3
EC1C6D3F-9BE3-4D47-A0E9-B0BD737E6FB1,26,3
EC534AFB-E188-42C6-B675-5C7699A193F4,5,3
EC534AFB-E188-42C6-B675-5C7699A193F4,14,3
EC534AFB-E188-42C6-B675-5C7699A193F4,19,3
EC534AFB-E188-42C6-B675-5C7699A193F4,21,3
EC534AFB-E188-42C6-B675-5C7699A193F4,28,3
EC58B62B-4266-4D36-AA6D-CC52B53EAA41,22,3
EC8C6AE5-C276-462B-AB82-C2E58AC9B964,55,3
EC9163DF-A2F9-4FE1-83CF-413C5946A206,7,2
EC9163DF-A2F9-4FE1-83CF-413C5946A206,19,2
EC9163DF-A2F9-4FE1-83CF-413C5946A206,23,2
EC92AE92-3401-409C-B4C5-86D872017C7A,25,5
EC92AE92-3401-409C-B4C5-86D872017C7A,43,2
EC92AE92-3401-409C-B4C5-86D872017C7A,59,6
EC92AE92-3401-409C-B4C5-86D872017C7A,67,2
ECA274FB-7D9A-4F9A-8345-84158E4D2520,6,3
ECA274FB-7D9A-4F9A-8345-84158E4D2520,10,3
ECA274FB-7D9A-4F9A-8345-84158E4D2520,42,3
ECEC217B-5A9E-42F4-AC55-C84901FD0991,17,3
ECF3689B-EA66-459F-866D-9F805A860544,117,2
ED1A2380-FE16-41E7-B8BF-1D86866CE033,42,3
ED2803C8-98C1-480A-A7EA-C7F40DB13902,24,3
ED2DC072-A65E-4A07-8E4A-17455B5501AA,27,3
EDA55420-F284-4DA4-A6D6-6769AFD3BE11,11,3
EDA55420-F284-4DA4-A6D6-6769AFD3BE11,22,3
EDB54523-8224-4DA9-AD48-7C387CF2EDF7,32,2
EDB597E9-EB78-44C3-8B7B-A5061834EF74,2,3
EDB597E9-EB78-44C3-8B7B-A5061834EF74,5,3
EDB597E9-EB78-44C3-8B7B-A5061834EF74,20,3
EDB597E9-EB78-44C3-8B7B-A5061834EF74,28,3
EDC81FCF-EE5B-4EBE-8264-C44AB39D5B9D,6,2
EDC81FCF-EE5B-4EBE-8264-C44AB39D5B9D,16,2
EDC81FCF-EE5B-4EBE-8264-C44AB39D5B9D,39,2
EDEFA1F3-C218-484A-A7CB-DB5775F3A33F,11,0
EDFC27C3-210A-46E8-9196-44F213AADB20,3,3
EDFC27C3-210A-46E8-9196-44F213AADB20,15,3
EDFC27C3-210A-46E8-9196-44F213AADB20,29,3
EDFC27C3-210A-46E8-9196-44F213AADB20,35,3
EE0E120F-4F95-4FAA-9CB8-AA1E520BEC38,14,3
EE0E120F-4F95-4FAA-9CB8-AA1E520BEC38,23,3
ee1200a7-0e03-4b81-b86e-c25264c33af3,24,2
EE1B4B38-4736-48CB-A092-3020F66A0F63,6,1
EE1B4B38-4736-48CB-A092-3020F66A0F63,12,1
EE30BF4D-0174-4DCC-AAD9-A28858F365FF,2,3
EE30BF4D-0174-4DCC-AAD9-A28858F365FF,20,4
EE30BF4D-0174-4DCC-AAD9-A28858F365FF,90,4
EE30BF4D-0174-4DCC-AAD9-A28858F365FF,159,3
EE30BF4D-0174-4DCC-AAD9-A28858F365FF,172,4
ee3c067d-bcfc-46ec-97d0-ab18732e5401,41,4
EE7DCFDD-09E7-4D7A-9C8C-8E9DCC4F745A,37,3
EEAF9F3C-C1FD-494E-AA79-F8D221B8ABC4,11,3
EEB6200A-F31E-4BD4-ADB1-1AE121358449,4,6
EF01E601-96C3-4D74-9BF7-A118C2A29917,3,0
EF01E601-96C3-4D74-9BF7-A118C2A29917,5,0
EF01E601-96C3-4D74-9BF7-A118C2A29917,7,0
EF01E601-96C3-4D74-9BF7-A118C2A29917,14,0
EF01E601-96C3-4D74-9BF7-A118C2A29917,15,0
EF01E601-96C3-4D74-9BF7-A118C2A29917,26,3
EF01E601-96C3-4D74-9BF7-A118C2A29917,29,0
EF0EA89E-B1CF-47EF-9F01-5826A84D4B74,3,2
EF20A786-7AD3-446D-ACE6-27E15EB75DE3,20,2
EF20A786-7AD3-446D-ACE6-27E15EB75DE3,35,2
EF20A786-7AD3-446D-ACE6-27E15EB75DE3,49,2
EF794768-83B1-43BB-AFE7-02D7C5598227,27,0
ef79c36c-36b6-4845-8d57-a72c566677b0,4,6
ef79c36c-36b6-4845-8d57-a72c566677b0,9,2
ef79c36c-36b6-4845-8d57-a72c566677b0,22,2
efb268a7-d2d7-4547-8dce-ded82520b74c,2,2
efb268a7-d2d7-4547-8dce-ded82520b74c,40,2
efb268a7-d2d7-4547-8dce-ded82520b74c,93,2
efb268a7-d2d7-4547-8dce-ded82520b74c,110,2
EFB83215-D843-407E-8F46-667D0F75C72A,3,3
EFB83215-D843-407E-8F46-667D0F75C72A,7,3
EFB83215-D843-407E-8F46-667D0F75C72A,20,3
EFB83215-D843-407E-8F46-667D0F75C72A,27,3
EFCE9CA4-21D0-4641-A9FA-DC996DD28F67,22,3
EFD62836-8C9C-4241-816C-4A093696522D,6,3
EFD62836-8C9C-4241-816C-4A093696522D,12,3
EFD62836-8C9C-4241-816C-4A093696522D,16,3
EFD62836-8C9C-4241-816C-4A093696522D,36,3
EFD62836-8C9C-4241-816C-4A093696522D,45,3
EFD62836-8C9C-4241-816C-4A093696522D,50,3
EFD62836-8C9C-4241-816C-4A093696522D,65,3
EFFBEA9A-DC83-43B0-9493-48C905E171B4,5,2
EFFBEA9A-DC83-43B0-9493-48C905E171B4,7,2
EFFBEA9A-DC83-43B0-9493-48C905E171B4,26,2
EFFBEA9A-DC83-43B0-9493-48C905E171B4,28,2
EFFBEA9A-DC83-43B0-9493-48C905E171B4,34,2
F016DB63-B18D-4E4B-8BB5-CC0DA07F382D,57,3
F0593B2F-8A3D-4A48-8EEE-833D8ACD2043,2,0
F0593B2F-8A3D-4A48-8EEE-833D8ACD2043,20,0
F0593B2F-8A3D-4A48-8EEE-833D8ACD2043,27,2
F0593B2F-8A3D-4A48-8EEE-833D8ACD2043,40,0
F0593B2F-8A3D-4A48-8EEE-833D8ACD2043,41,0
f07942db-4e84-4f9c-9aae-f9c72647e366,1,
f07942db-4e84-4f9c-9aae-f9c72647e366,7,2
f07942db-4e84-4f9c-9aae-f9c72647e366,29,2
f07942db-4e84-4f9c-9aae-f9c72647e366,37,3
f0a905c7-1d98-4921-afe4-7fdb0f0b12ff,30,6
F0CE6CD0-94C1-4880-9B59-3CEB35914438,21,2
F0CE6CD0-94C1-4880-9B59-3CEB35914438,23,6
F0CE6CD0-94C1-4880-9B59-3CEB35914438,26,2
F11F14EE-4A7A-439A-9BCC-12FD70727422,13,3
F1270D90-B676-4712-9D2A-262A7543772B,6,3
F133FC5B-D6B9-4781-B55C-3B92D4483FCE,11,3
F133FC5B-D6B9-4781-B55C-3B92D4483FCE,12,0
F19C833C-B720-4067-A6FD-A38564C58FDF,93,3
F1ABB947-5E5D-49F2-AADC-0AC8CB1A713D,2,2
F1C8F144-AC1A-4366-BD76-0850E902F272,6,6
F1C8F144-AC1A-4366-BD76-0850E902F272,11,6
F1C8F144-AC1A-4366-BD76-0850E902F272,12,0
F1C8F144-AC1A-4366-BD76-0850E902F272,17,6
F1C8F144-AC1A-4366-BD76-0850E902F272,39,0
F1C8F144-AC1A-4366-BD76-0850E902F272,52,3
F1C8F144-AC1A-4366-BD76-0850E902F272,54,3
f1d02ae5-fc52-4beb-b8ab-bb15a472568c,9,2
f1d02ae5-fc52-4beb-b8ab-bb15a472568c,24,2
f1d02ae5-fc52-4beb-b8ab-bb15a472568c,33,6
f1d02ae5-fc52-4beb-b8ab-bb15a472568c,59,3
F1DD2138-FD88-406C-A1DE-6C84A4F58090,40,3
F1F4A1C5-90BD-4707-9B19-CE07A6D27B14,48,3
F1F4A1C5-90BD-4707-9B19-CE07A6D27B14,51,3
F1FD8E38-1DCC-4340-8670-970C4686BF77,34,3
F21BCCB1-3572-4D99-9E30-2DCA5EDE8BB1,32,3
F24D3595-50BA-4F52-BE58-A967D9215E5F,7,0
F24D3595-50BA-4F52-BE58-A967D9215E5F,37,2
F24F7B13-3E55-489F-B6B4-DF8DC7F59126,6,2
F24F7B13-3E55-489F-B6B4-DF8DC7F59126,13,4
F24F7B13-3E55-489F-B6B4-DF8DC7F59126,52,2
F25F7A67-B668-47A0-A30C-24125D99C461,45,2
F25F7A67-B668-47A0-A30C-24125D99C461,52,2
F275513E-A944-490D-82D3-E83A8A4FF30C,22,0
F2D646C8-7139-4389-89EB-F1FED9E0791C,8,3
F2FBA393-DC1F-46B5-94DD-5BFB7D5CDD54,15,2
F2FFCF79-5B21-4AFF-BA50-B3DE632588D2,19,3
F3086324-5DDA-4EA1-AE9A-4DAE422CD274,9,3
F3086324-5DDA-4EA1-AE9A-4DAE422CD274,17,3
F3086324-5DDA-4EA1-AE9A-4DAE422CD274,39,3
F310D1A5-FD8C-4BF3-A4AA-3BC26FED89D7,2,2
F310D1A5-FD8C-4BF3-A4AA-3BC26FED89D7,5,2
F310D1A5-FD8C-4BF3-A4AA-3BC26FED89D7,40,2
F3663D8E-40D7-40C3-913A-55021219C967,2,3
F3663D8E-40D7-40C3-913A-55021219C967,20,3
F3663D8E-40D7-40C3-913A-55021219C967,108,3
F3806464-87DB-4AE1-BFF5-3EEB6FDE104F,4,3
F3CF56BB-F5FE-40F8-8292-0C5CDE1A5649,13,3
F3CF56BB-F5FE-40F8-8292-0C5CDE1A5649,17,3
F3CF56BB-F5FE-40F8-8292-0C5CDE1A5649,30,3
F3DC5D13-9D50-4E2D-B169-9C70979649DF,8,3
F4222B62-9D20-4173-9DA7-B048EEDA3486,21,3
F4222B62-9D20-4173-9DA7-B048EEDA3486,40,3
F458A115-E2F1-4D6B-B629-4C65BBDB5514,11,2
F458A115-E2F1-4D6B-B629-4C65BBDB5514,16,2
F48A8D0B-F86A-4835-92AC-BABF3C53F26A,10,2
F48A8D0B-F86A-4835-92AC-BABF3C53F26A,16,2
F48A8D0B-F86A-4835-92AC-BABF3C53F26A,18,2
F48A8D0B-F86A-4835-92AC-BABF3C53F26A,24,2
F48A8D0B-F86A-4835-92AC-BABF3C53F26A,30,2
F4C6F00A-06B8-4A39-9BA8-5E3907658E17,3,3
F4C6F00A-06B8-4A39-9BA8-5E3907658E17,27,4
F4C914F8-5669-45F2-A74B-790CCDC96462,19,2
f51b8986-eb6b-4d99-ba25-3e675a2257c9,12,0
f51b8986-eb6b-4d99-ba25-3e675a2257c9,30,3
f51b8986-eb6b-4d99-ba25-3e675a2257c9,31,3
f51b8986-eb6b-4d99-ba25-3e675a2257c9,59,0
f51b8986-eb6b-4d99-ba25-3e675a2257c9,77,1
F52FEC4B-64C0-4A15-8EBC-B79493FA82F7,9,3
F53C73F2-6B42-427D-82C5-545049089B0B,6,3
F584BFA5-2D21-426B-BA41-D0BFA7A3CEFD,5,3
F584BFA5-2D21-426B-BA41-D0BFA7A3CEFD,8,3
F584BFA5-2D21-426B-BA41-D0BFA7A3CEFD,21,3
F584BFA5-2D21-426B-BA41-D0BFA7A3CEFD,29,3
F584BFA5-2D21-426B-BA41-D0BFA7A3CEFD,34,3
F584BFA5-2D21-426B-BA41-D0BFA7A3CEFD,40,3
f5cffd30-e15c-4338-bdac-e216764a5fcb,3,1
f5cffd30-e15c-4338-bdac-e216764a5fcb,19,2
f5cffd30-e15c-4338-bdac-e216764a5fcb,175,1
F5F7E479-9255-4647-A5EF-B1522542606F,11,3
F5F7E479-9255-4647-A5EF-B1522542606F,16,3
F5F7E479-9255-4647-A5EF-B1522542606F,39,3
F6115BED-5F64-44F6-910B-8C35603F9176,26,2
F6115BED-5F64-44F6-910B-8C35603F9176,34,3
F619F45A-296D-4584-A149-5CE96ADA325B,5,3
F619F45A-296D-4584-A149-5CE96ADA325B,34,3
F619F45A-296D-4584-A149-5CE96ADA325B,41,3
F620FE2B-01C9-45AA-B730-D0A1592FAA93,4,2
F620FE2B-01C9-45AA-B730-D0A1592FAA93,36,2
F620FE2B-01C9-45AA-B730-D0A1592FAA93,42,2
F6231DAC-7DE8-437C-BFEC-DBBB1E2E28F5,8,2
F6231DAC-7DE8-437C-BFEC-DBBB1E2E28F5,19,2
F6231DAC-7DE8-437C-BFEC-DBBB1E2E28F5,21,0
F6231DAC-7DE8-437C-BFEC-DBBB1E2E28F5,26,2
F629B1DB-CCBF-421C-AC4B-2C119193BE86,19,3
f62dc1d2-12f3-414e-88ed-e1a8f53ebd5a,9,3
f62dc1d2-12f3-414e-88ed-e1a8f53ebd5a,17,3
f62dc1d2-12f3-414e-88ed-e1a8f53ebd5a,36,3
f62dc1d2-12f3-414e-88ed-e1a8f53ebd5a,51,3
f62dc1d2-12f3-414e-88ed-e1a8f53ebd5a,67,3
F641A60E-9803-482D-84B1-98D876B05B6F,2,2
F66A7326-0B78-4A53-8ADF-ED7CE19344EB,15,3
F66A7326-0B78-4A53-8ADF-ED7CE19344EB,56,3
F66A7326-0B78-4A53-8ADF-ED7CE19344EB,62,2
F66A7326-0B78-4A53-8ADF-ED7CE19344EB,76,2
F66BFD9C-BA6F-4221-BC45-795DAFC10083,18,3
F66BFD9C-BA6F-4221-BC45-795DAFC10083,51,3
F671D499-00B7-4650-8CDD-D9F2F31B5156,17,2
F671D499-00B7-4650-8CDD-D9F2F31B5156,25,2
F671D499-00B7-4650-8CDD-D9F2F31B5156,31,2
F671D499-00B7-4650-8CDD-D9F2F31B5156,47,2
F671D499-00B7-4650-8CDD-D9F2F31B5156,53,2
F683E7CC-0D33-4959-A510-6843E95232A4,12,3
F683E7CC-0D33-4959-A510-6843E95232A4,30,3
F6C6C13D-7F55-4596-8ED1-3F3F7444532D,1,3
F6DD4DFE-7673-43CB-B905-68FD89ECE642,41,3
F7271522-84F3-420B-88BB-054EEE5502D1,15,3
F7271522-84F3-420B-88BB-054EEE5502D1,34,3
F747FD13-991B-4809-A197-DECE94CC7F6D,10,0
F747FD13-991B-4809-A197-DECE94CC7F6D,25,3
F74E464E-BC2A-4A35-8C0F-A97EC34C4ACD,13,3
F74E464E-BC2A-4A35-8C0F-A97EC34C4ACD,45,3
F752966D-DF64-4148-BC0F-815A296ED838,6,3
F752966D-DF64-4148-BC0F-815A296ED838,9,3
F752966D-DF64-4148-BC0F-815A296ED838,11,3
F75F9641-A809-4F47-85D3-C7E7B8AB0BCB,45,3
F75FB1D4-B702-4F5F-9D56-1A1C9432210E,24,2
F7967A4D-C1AB-4FB1-A82A-59DCC6C730BC,20,3
F7967A4D-C1AB-4FB1-A82A-59DCC6C730BC,61,3
f796f47c-43bd-4889-88b7-e6b096837797,71,2
f796f47c-43bd-4889-88b7-e6b096837797,79,2
f79c5ee2-3390-4a02-9a90-3d19c3137b96,72,3
F7A9798C-162B-4FC0-9E84-AC2B2400BC78,61,2
F7B5DB3A-3EC9-4D98-87EC-72E96ECF06A3,2,2
F7B5DB3A-3EC9-4D98-87EC-72E96ECF06A3,28,2
F7EC1D72-38EB-4D14-BDBA-394CDA4FE860,100,3
F7EC1D72-38EB-4D14-BDBA-394CDA4FE860,111,3
F7FDEC08-A5A3-4CDE-B10F-1ADB1AD128A7,61,3
F81ABE2F-89F2-4D6D-9542-16929D28BDBA,3,3
F81ABE2F-89F2-4D6D-9542-16929D28BDBA,21,3
F81ABE2F-89F2-4D6D-9542-16929D28BDBA,23,3
F81ABE2F-89F2-4D6D-9542-16929D28BDBA,37,3
F81ABE2F-89F2-4D6D-9542-16929D28BDBA,40,3
F859212C-209C-4C15-B70D-5A0BAE32FDE9,2,3
F87236F6-4D72-4CFA-9606-44A36D9B4D7C,1,2
F87236F6-4D72-4CFA-9606-44A36D9B4D7C,19,2
F87DB56B-CF4D-4A3E-8346-BCE4E99D523D,2,2
F87DB56B-CF4D-4A3E-8346-BCE4E99D523D,5,2
F87DB56B-CF4D-4A3E-8346-BCE4E99D523D,8,2
F87DB56B-CF4D-4A3E-8346-BCE4E99D523D,27,2
F88138A6-21BE-4FF9-AC54-C5AFB1AAC550,3,3
F88138A6-21BE-4FF9-AC54-C5AFB1AAC550,14,3
F88138A6-21BE-4FF9-AC54-C5AFB1AAC550,15,3
F88138A6-21BE-4FF9-AC54-C5AFB1AAC550,19,3
F88138A6-21BE-4FF9-AC54-C5AFB1AAC550,26,3
F8B31784-0DE7-4A80-825D-874132FF15E2,3,2
F8B31784-0DE7-4A80-825D-874132FF15E2,20,2
F8B31784-0DE7-4A80-825D-874132FF15E2,34,2
F8B31784-0DE7-4A80-825D-874132FF15E2,41,2
f8c3dc9c-3940-42f1-873e-87e9bc80ac48,3,3
F8DACB7F-0133-4622-ADB7-135809C667C1,6,1
F8DACB7F-0133-4622-ADB7-135809C667C1,44,3
F8DACB7F-0133-4622-ADB7-135809C667C1,54,1
F8DACB7F-0133-4622-ADB7-135809C667C1,66,1
F8DACB7F-0133-4622-ADB7-135809C667C1,68,1
F91CD4D9-B43A-42DF-BDBD-61D05C318AF7,2,3
F91CD4D9-B43A-42DF-BDBD-61D05C318AF7,40,3
F91CD4D9-B43A-42DF-BDBD-61D05C318AF7,71,4
F91CD4D9-B43A-42DF-BDBD-61D05C318AF7,75,3
F91CD4D9-B43A-42DF-BDBD-61D05C318AF7,83,3
F944F38F-F357-4CCA-A515-9D68CB687C0D,11,3
F944F38F-F357-4CCA-A515-9D68CB687C0D,12,3
F944F38F-F357-4CCA-A515-9D68CB687C0D,13,3
F944F38F-F357-4CCA-A515-9D68CB687C0D,16,1
F944F38F-F357-4CCA-A515-9D68CB687C0D,17,1
F944F38F-F357-4CCA-A515-9D68CB687C0D,24,0
F944F38F-F357-4CCA-A515-9D68CB687C0D,31,3
F944F38F-F357-4CCA-A515-9D68CB687C0D,32,3
F944F38F-F357-4CCA-A515-9D68CB687C0D,33,3
F94D5644-278C-4FD9-AB7D-79B15D5FAD9F,27,2
F94D5644-278C-4FD9-AB7D-79B15D5FAD9F,28,2
F94D5644-278C-4FD9-AB7D-79B15D5FAD9F,29,0
F94D5644-278C-4FD9-AB7D-79B15D5FAD9F,35,3
F969AE80-6BAE-45B8-AD83-DD5C2EE3A631,16,3
F969AE80-6BAE-45B8-AD83-DD5C2EE3A631,36,3
F96D75F4-E9D5-45E1-910A-90CC23B6F25E,4,3
F96D75F4-E9D5-45E1-910A-90CC23B6F25E,24,3
F96D75F4-E9D5-45E1-910A-90CC23B6F25E,32,3
F96D75F4-E9D5-45E1-910A-90CC23B6F25E,38,3
F9BDB978-F8B0-4275-92FC-F3857010E601,2,3
F9BDB978-F8B0-4275-92FC-F3857010E601,93,0
F9C0F4F2-E5D9-4667-88F7-8B432548916C,12,2
fa3ddb55-bd99-48dd-a4f0-7fe593efee9a,60,2
fa3ddb55-bd99-48dd-a4f0-7fe593efee9a,71,3
FA59E237-B96A-469B-8A07-1D5249442B65,23,0
FA59E237-B96A-469B-8A07-1D5249442B65,37,0
FA59E237-B96A-469B-8A07-1D5249442B65,41,0
FA683ADE-511E-4978-B04E-6023B408BC8E,16,2
FA683ADE-511E-4978-B04E-6023B408BC8E,25,2
FA71C8DC-2422-4945-85B6-A87BD6E9C573,16,4
FA71C8DC-2422-4945-85B6-A87BD6E9C573,42,4
FA71C8DC-2422-4945-85B6-A87BD6E9C573,50,4
FAB67F37-0611-4F8D-A1FB-FE2CE3926591,6,2
FAB67F37-0611-4F8D-A1FB-FE2CE3926591,10,2
FAB67F37-0611-4F8D-A1FB-FE2CE3926591,17,3
FAB67F37-0611-4F8D-A1FB-FE2CE3926591,45,2
FAD113FD-0464-4E32-AFAC-CAB5CF3B951A,4,3
FB412C7A-06B6-4B06-916B-02667F762654,8,3
FB412C7A-06B6-4B06-916B-02667F762654,41,3
FB412C7A-06B6-4B06-916B-02667F762654,57,3
FB68BA7A-5079-4215-A7B5-46FD7CB21F64,2,3
FB6A5C02-F3A8-4A64-A479-F75C60F84D10,22,0
FB6A5C02-F3A8-4A64-A479-F75C60F84D10,39,0
FB89C6A1-8AA7-43E2-B051-F11CEF61D106,4,3
FB89C6A1-8AA7-43E2-B051-F11CEF61D106,33,3
FBDE24F4-6511-474F-A5F2-2A1D64161C3F,3,3
FBDE24F4-6511-474F-A5F2-2A1D64161C3F,29,3
fc276d98-916d-4f34-8cfb-b2f77c411b92,1,2
FC352BEF-BEE4-450B-A6CF-F7BFDE72BF13,22,2
FC352BEF-BEE4-450B-A6CF-F7BFDE72BF13,38,2
FC352BEF-BEE4-450B-A6CF-F7BFDE72BF13,48,2
FC6E1F12-DDC0-47D8-B30E-67898D2D1B0A,39,2
fc6fdd37-48f7-4e86-b2ca-30fc58f07902,31,2
FC7BFA24-2FCC-472D-BD8A-CCC65E4EF2BE,4,3
FC7BFA24-2FCC-472D-BD8A-CCC65E4EF2BE,11,3
FC7BFA24-2FCC-472D-BD8A-CCC65E4EF2BE,31,3
FC7BFA24-2FCC-472D-BD8A-CCC65E4EF2BE,36,3
FCBAD8FE-8ED6-4012-AEAF-58004420CF10,42,3
FCBAD8FE-8ED6-4012-AEAF-58004420CF10,53,3
fd64f322-d880-4436-b457-a723bb5f967f,33,3
FD765584-2AA9-4D50-8C9D-5570B68EB242,9,0
FD765584-2AA9-4D50-8C9D-5570B68EB242,18,2
FD765584-2AA9-4D50-8C9D-5570B68EB242,45,0
FD870E37-8828-4AB3-ACDC-D26D825972EB,54,6
FD880E9B-8F06-4593-8D47-C8B4B34F4041,14,3
FD880E9B-8F06-4593-8D47-C8B4B34F4041,15,3
FDA34C40-22FB-42BC-9F78-C03E4E8885D9,7,3
FDDC6370-1BA0-4C4F-8D98-050842BAA62C,16,2
FDDC6370-1BA0-4C4F-8D98-050842BAA62C,22,0
FDED57D3-3B6A-45B3-A979-17E0AC56507B,46,3
fe36a4fd-988a-4ae7-8053-1a1d5d210bf9,1,2
fe36a4fd-988a-4ae7-8053-1a1d5d210bf9,26,2
fe36a4fd-988a-4ae7-8053-1a1d5d210bf9,172,0
FE40C648-413B-486D-BC20-AE3F646C23CE,2,3
FE40C648-413B-486D-BC20-AE3F646C23CE,8,3
FE40C648-413B-486D-BC20-AE3F646C23CE,23,3
FE40C648-413B-486D-BC20-AE3F646C23CE,28,3
FE414358-3E46-45CE-A5E7-2881D5D2929B,14,3
FE414358-3E46-45CE-A5E7-2881D5D2929B,58,3
FE414358-3E46-45CE-A5E7-2881D5D2929B,106,3
FE4437ED-9B9D-419D-80EB-7DA9D110D4CE,1,3
FE4437ED-9B9D-419D-80EB-7DA9D110D4CE,3,3
FE4C4736-1289-4A4F-AD1B-90037FFF22E3,2,6
FE4C4736-1289-4A4F-AD1B-90037FFF22E3,8,6
FE4C4736-1289-4A4F-AD1B-90037FFF22E3,23,2
FE4C4736-1289-4A4F-AD1B-90037FFF22E3,49,2
FE4C4736-1289-4A4F-AD1B-90037FFF22E3,56,2
FE78654E-5014-4F76-A66A-01C952C1BEE8,1,2
FEA61F77-F791-427C-95FF-8744E996B3C4,48,0
FEA87984-E706-472E-A255-3D9211D4DDC7,6,3
FEE09BEB-1CFE-4DDF-A46D-3721E4E31295,25,2
FEE09BEB-1CFE-4DDF-A46D-3721E4E31295,31,2
FEE09BEB-1CFE-4DDF-A46D-3721E4E31295,36,2
FEF1CABE-790D-4EA5-8DBF-71C98E63A3B8,6,3
FEF1CABE-790D-4EA5-8DBF-71C98E63A3B8,42,3
FEF1CABE-790D-4EA5-8DBF-71C98E63A3B8,54,3
FF0A2C5B-C125-4EA2-BBB8-C7998729D4AE,2,3
FF0A2C5B-C125-4EA2-BBB8-C7998729D4AE,27,3
FF0A2C5B-C125-4EA2-BBB8-C7998729D4AE,41,3
FF5B84E5-3363-4B93-B110-705087D52FB2,1,0
FF5B84E5-3363-4B93-B110-705087D52FB2,14,1
FF5B84E5-3363-4B93-B110-705087D52FB2,15,1
FF5B84E5-3363-4B93-B110-705087D52FB2,19,0
FF5B84E5-3363-4B93-B110-705087D52FB2,21,0
FF5B84E5-3363-4B93-B110-705087D52FB2,27,1
FF5B84E5-3363-4B93-B110-705087D52FB2,28,2
FF5B84E5-3363-4B93-B110-705087D52FB2,29,0
ff5e82c7-2f43-4904-99dd-74e2df8befbf,43,2
FF871FC4-FEE4-4F25-9C55-8D3C6DE3B280,2,3
FF871FC4-FEE4-4F25-9C55-8D3C6DE3B280,15,3
FF871FC4-FEE4-4F25-9C55-8D3C6DE3B280,19,3
FF9F2789-A328-4E17-A941-956089819802,18,4
ffaa9393-3a75-48ec-8e2d-f0d0e1dd943d,7,3
ffaa9393-3a75-48ec-8e2d-f0d0e1dd943d,57,3
ffaa9393-3a75-48ec-8e2d-f0d0e1dd943d,131,3
ffaa9393-3a75-48ec-8e2d-f0d0e1dd943d,137,3
ffaa9393-3a75-48ec-8e2d-f0d0e1dd943d,156,3
FFCFBF82-F915-4119-A721-CF3EA470D8EB,17,3
FFCFBF82-F915-4119-A721-CF3EA470D8EB,31,3
FFD3E2D2-8D42-4ABE-8997-895DC06F983C,15,4
FFD3E2D2-8D42-4ABE-8997-895DC06F983C,46,4
FFD3E2D2-8D42-4ABE-8997-895DC06F983C,60,4
FFD3E2D2-8D42-4ABE-8997-895DC06F983C,73,4
FFDB1401-F690-4D07-A741-97240FBE5B1C,14,3
FFDB1401-F690-4D07-A741-97240FBE5B1C,20,3
FFDB1401-F690-4D07-A741-97240FBE5B1C,27,3
FFDB1401-F690-4D07-A741-97240FBE5B1C,37,3
